0
1
2
6
7
9
10
11
15
16
17
20
21
22
23
24
25
26
27
28
29
30
32
36
39
46
47
49
50
51
53
55
56
57
58
59
60
62
64
65
66
68
69
70
71
74
77
78
79
83
84
85
87
88
89
93
94
95
96
97
100
104
105
108
109
112
114
116
117
119
120
122
123
124
126
127
128
129
130
131
133
134
135
136
137
138
140
141
143
144
146
147
148
151
158
161
163
164
166
167
168
169
170
171
173
174
177
178
179
180
181
185
188
189
190
191
193
194
198
199
200
201
205
207
208
209
212
213
214
215
216
217
218
222
224
225
226
232
236
237
239
243
246
247
250
252
253
257
260
261
263
265
266
267
271
272
273
274
275
276
277
281
282
283
285
286
288
291
295
296
297
298
300
301
304
305
306
310
313
314
315
317
321
322
323
324
326
327
328
332
333
334
335
336
338
339
341
342
343
345
346
347
350
351
352
353
354
355
356
357
358
360
362
364
365
366
368
370
371
373
374
375
376
377
378
379
380
381
382
383
384
385
387
388
391
392
393
394
396
398
400
401
403
404
405
407
408
409
410
412
413
415
416
417
418
420
421
423
424
426
428
429
431
432
435
436
438
439
440
442
444
445
446
451
452
453
454
456
457
458
460
464
466
467
468
469
473
475
476
477
480
481
482
483
484
485
486
487
489
490
491
494
495
497
499
501
505
506
507
508
510
511
512
513
514
516
519
525
527
528
531
535
536
537
539
540
542
543
544
545
546
547
548
549
550
551
552
553
555
556
558
559
560
562
563
566
568
570
571
572
573
575
577
578
579
580
581
585
586
588
590
591
592
593
595
598
599
601
603
604
605
607
610
612
613
616
617
620
624
626
630
636
637
638
639
643
644
646
647
648
650
651
653
654
657
659
662
663
666
667
671
672
673
674
678
679
680
682
683
686
691
692
693
694
696
697
698
700
701
702
703
704
706
708
709
710
712
715
717
718
719
720
721
724
725
726
728
729
731
732
733
735
737
739
741
742
743
747
749
751
752
753
755
756
758
760
761
763
764
766
768
770
771
773
774
775
776
777
780
781
783
784
785
786
787
788
790
791
793
794
795
797
799
801
802
804
810
811
812
813
815
816
818
819
820
823
826
829
834
835
836
837
838
841
843
844
845
847
848
849
851
852
853
854
855
856
859
863
864
866
874
875
876
877
879
880
885
886
887
888
892
896
899
902
903
904
905
908
909
911
913
914
916
918
919
921
922
923
924
925
927
929
930
934
935
936
937
938
939
940
941
943
945
946
948
950
951
954
955
958
959
963
964
966
968
969
970
971
975
977
980
981
982
983
985
986
987
988
989
990
993
995
998
999
1000
1001
1002
1003
1005
1006
1007
1008
1009
1010
1011
1012
1013
1016
1017
1023
1024
1025
1026
1027
1028
1029
1031
1032
1033
1035
1036
1037
1038
1039
1040
1042
1045
1046
1050
1052
1053
1054
1056
1057
1059
1062
1063
1067
1068
1071
1072
1073
1075
1076
1078
1079
1080
1082
1083
1085
1086
1088
1091
1092
1093
1094
1095
1096
1097
1098
1099
1100
1102
1104
1105
1106
1107
1108
1110
1111
1114
1115
1116
1117
1118
1119
1120
1123
1126
1127
1128
1130
1131
1132
1135
1137
1138
1139
1140
1145
1146
1147
1152
1158
1161
1162
1164
1168
1169
1170
1173
1175
1180
1183
1184
1187
1190
1193
1195
1196
1198
1199
1201
1204
1207
1208
1209
1211
1212
1213
1214
1216
1217
1218
1219
1221
1222
1223
1224
1226
1227
1228
1229
1230
1231
1233
1234
1235
1236
1237
1238
1239
1240
1241
1242
1243
1245
1248
1251
1252
1253
1254
1255
1256
1259
1260
1261
1263
1267
1268
1269
1272
1273
1274
1275
1277
1280
1281
1282
1283
1284
1288
1290
1292
1293
1294
1295
1296
1297
1298
1299
1300
1301
1303
1304
1308
1309
1311
1312
1313
1315
1316
1318
1319
1320
1322
1323
1324
1326
1328
1330
1331
1332
1333
1334
1335
1336
1337
1339
1342
1343
1344
1345
1347
1348
1349
1350
1351
1353
1361
1363
1365
1370
1373
1376
1378
1379
1382
1383
1388
1391
1398
1399
1400
1402
1404
1406
1407
1408
1409
1410
1411
1413
1415
1417
1419
1420
1421
1422
1425
1426
1427
1429
1430
1433
1435
1437
1438
1442
1443
1445
1446
1447
1452
1453
1455
1456
1458
1460
1462
1469
1470
1471
1472
1476
1479
1480
1486
1487
1489
1493
1495
1497
1498
1500
1501
1502
1505
1507
1508
1509
1510
1511
1514
1515
1516
1517
1518
1519
1520
1522
1524
1525
1526
1527
1531
1533
1535
1536
1538
1539
1540
1541
1542
1543
1544
1545
1546
1550
1551
1552
1554
1555
1556
1557
1558
1559
1564
1566
1567
1568
1569
1570
1571
1572
1579
1581
1582
1583
1584
1585
1586
1587
1588
1590
1591
1593
1594
1595
1597
1598
1599
1600
1601
1604
1605
1607
1608
1612
1613
1616
1617
1619
1621
1622
1624
1626
1627
1628
1629
1630
1631
1633
1636
1637
1638
1640
1641
1642
1643
1645
1647
1650
1651
1652
1653
1654
1655
1656
1657
1658
1661
1663
1665
1667
1670
1671
1672
1676
1679
1680
1682
1683
1686
1688
1691
1694
1696
1700
1704
1707
1710
1713
1714
1715
1716
1718
1719
1720
1723
1726
1727
1731
1732
1733
1734
1735
1736
1738
1739
1741
1745
1746
1747
1750
1752
1753
1755
1756
1759
1760
1763
1766
1767
1770
1771
1772
1774
1776
1777
1778
1779
1780
1781
1782
1783
1784
1785
1786
1788
1790
1791
1792
1794
1796
1797
1800
1801
1802
1803
1805
1809
1810
1812
1813
1814
1815
1818
1819
1822
1824
1826
1827
1829
1830
1831
1833
1834
1835
1836
1839
1840
1841
1843
1844
1845
1846
1847
1848
1849
1851
1852
1855
1856
1857
1859
1861
1862
1863
1864
1865
1867
1868
1869
1871
1872
1873
1874
1876
1877
1883
1886
1890
1893
1897
1899
1901
1903
1907
1910
1911
1916
1918
1919
1921
1923
1926
1928
1929
1930
1931
1932
1934
1935
1936
1937
1938
1941
1943
1945
1948
1949
1951
1953
1956
1957
1959
1960
1961
1962
1963
1964
1966
1967
1969
1971
1972
1973
1977
1978
1979
1980
1981
1982
1983
1985
1987
1989
1990
1993
1994
1995
1996
1997
1998
2001
2004
2005
2006
2007
2008
2009
2010
2011
2012
2013
2017
2019
2021
2022
2026
2027
2029
2030
2032
2033
2034
2036
2037
2038
2041
2045
2046
2049
2050
2051
2053
2054
2055
2057
2060
2061
2063
2066
2067
2070
2072
2074
2075
2076
2077
2079
2083
2084
2085
2087
2089
2091
2092
2093
2094
2095
2098
2099
2100
2101
2102
2103
2105
2108
2111
2114
2116
2118
2119
2120
2122
2123
2125
2126
2127
2128
2131
2132
2133
2134
2135
2136
2137
2138
2140
2141
2145
2148
2149
2150
2151
2153
2154
2156
2157
2159
2160
2161
2162
2163
2164
2165
2168
2169
2170
2171
2173
2174
2175
2176
2177
2178
2179
2182
2185
2190
2191
2192
2193
2196
2197
2199
2200
2201
2202
2203
2204
2205
2206
2207
2209
2210
2211
2212
2214
2217
2218
2219
2221
2222
2223
2225
2226
2227
2231
2232
2235
2236
2238
2239
2240
2241
2243
2246
2247
2250
2251
2252
2253
2255
2257
2258
2259
2260
2266
2267
2268
2269
2271
2272
2274
2276
2277
2279
2281
2284
2285
2286
2287
2294
2295
2296
2297
2298
2299
2303
2304
2305
2307
2311
2312
2313
2314
2315
2318
2319
2320
2323
2324
2325
2326
2328
2329
2331
2332
2333
2335
2336
2337
2338
2339
2340
2343
2345
2346
2347
2348
2349
2350
2351
2353
2355
2358
2359
2360
2361
2363
2364
2365
2366
2367
2368
2369
2370
2371
2372
2373
2374
2378
2379
2380
2381
2382
2387
2389
2390
2391
2392
2393
2394
2396
2397
2398
2400
2403
2404
2407
2408
2409
2411
2415
2416
2417
2418
2420
2421
2422
2423
2424
2427
2428
2429
2430
2431
2440
2442
2444
2445
2448
2451
2452
2453
2454
2457
2458
2462
2463
2464
2466
2469
2470
2471
2472
2473
2477
2478
2479
2480
2483
2484
2485
2486
2487
2488
2489
2490
2491
2492
2493
2499
2500
2502
2503
2504
2505
2506
2507
2508
2509
2510
2511
2512
2513
2515
2516
2517
2518
2519
2521
2522
2523
2524
2529
2530
2531
2533
2538
2539
2540
2541
2544
2545
2546
2547
2549
2552
2553
2555
2556
2562
2563
2564
2565
2566
2567
2571
2572
2573
2574
2575
2576
2577
2578
2579
2582
2584
2585
2586
2592
2593
2597
2598
2599
2601
2602
2603
2604
2605
2606
2608
2610
2611
2615
2616
2621
2623
2624
2625
2628
2630
2632
2633
2634
2636
2637
2639
2641
2644
2646
2647
2650
2651
2652
2654
2655
2656
2657
2658
2660
2661
2667
2670
2671
2673
2675
2676
2677
2681
2682
2683
2686
2687
2688
2690
2691
2693
2695
2696
2697
2699
2700
2701
2702
2703
2704
2705
2706
2707
