1
2
3
7
9
10
13
14
15
16
17
18
19
20
21
22
24
26
28
29
33
34
35
36
38
40
47
48
49
53
55
60
61
63
64
65
67
68
73
77
79
82
85
89
94
95
99
100
102
104
106
109
111
112
114
115
116
121
122
124
125
127
131
132
135
138
139
140
141
145
148
152
153
156
157
158
159
160
162
165
166
167
168
169
171
172
174
175
178
179
182
183
184
185
189
190
191
193
194
195
196
197
201
202
204
205
206
207
209
210
215
218
221
222
224
225
228
229
233
235
236
237
239
240
241
247
249
251
252
253
258
261
264
265
268
272
273
274
279
280
281
282
284
285
289
290
291
293
294
295
300
302
303
306
307
308
309
310
311
313
314
315
316
317
318
319
320
323
324
325
327
332
337
339
340
341
342
343
344
345
346
350
353
354
355
361
362
363
364
365
366
369
370
373
375
376
379
384
388
389
391
392
393
395
398
399
400
401
402
404
406
410
413
414
417
418
420
421
422
424
428
429
430
432
433
434
438
440
442
443
445
446
447
451
452
453
454
459
463
465
467
471
476
482
484
486
489
490
491
492
495
496
497
499
500
502
503
504
510
513
517
520
525
527
528
529
531
532
533
535
536
537
547
548
549
551
552
558
561
562
563
564
565
566
568
569
570
574
578
579
583
586
587
591
593
597
599
602
604
607
608
611
612
613
614
615
616
617
618
619
620
622
624
628
630
631
632
633
635
638
639
640
641
643
645
647
651
652
654
655
657
659
660
661
666
668
671
672
673
679
680
682
684
685
686
687
690
691
692
693
696
697
698
701
703
706
707
709
710
711
712
716
719
720
721
722
724
727
729
730
731
733
735
736
739
740
741
742
743
744
746
749
752
753
754
757
758
760
763
764
765
766
769
770
771
773
785
786
787
789
791
802
803
804
806
807
809
812
813
815
819
820
824
826
828
834
835
837
845
847
848
849
850
852
854
855
857
859
860
866
868
872
873
874
876
877
878
892
897
903
906
909
910
912
913
914
919
924
926
927
928
931
932
933
935
939
941
942
943
945
946
950
951
952
954
960
965
966
968
970
972
974
976
978
980
981
982
983
989
990
991
995
996
999
1001
1007
1008
1009
1012
1013
1014
1015
1018
1022
1023
1027
1028
1029
1032
1033
1035
1039
1041
1046
1050
1052
1056
1059
1063
1065
1066
1067
1071
1073
1074
1078
1081
1083
1085
1088
1090
1091
1092
1093
1095
1098
1099
1102
1103
1107
1108
1109
1110
1111
1112
1118
1119
1121
1122
1123
1126
1128
1129
1135
1139
1141
1142
1145
1149
1152
1154
1157
1160
1161
1164
1166
1168
1169
1170
1171
1173
1176
1179
1180
1184
1185
1187
1189
1192
1194
1195
1199
1203
1207
1208
1211
1214
1215
1216
1217
1219
1220
1223
1225
1226
1227
1228
1230
1231
1232
1233
1234
1235
1237
1239
1242
1243
1244
1245
1247
1248
1250
1252
1253
1255
1258
1259
1260
1262
1263
1265
1270
1272
1274
1275
1276
1278
1279
1280
1282
1283
1284
1285
1288
1289
1290
1293
1294
1295
1296
1298
1301
1304
1306
1307
1315
1319
1323
1324
1326
1328
1330
1332
1333
1334
1337
1339
1341
1342
1343
1344
1345
1350
1351
1356
1357
1358
1359
1360
1362
1364
1365
1366
1368
1371
1372
1374
1377
1378
1380
1381
1382
1383
1385
1389
1391
1392
1395
1396
1402
1406
1407
1410
1412
1413
1414
1415
1416
1419
1420
1425
1427
1439
1440
1441
1444
1446
1447
1450
1451
1452
1453
1457
1460
1463
1464
1469
1470
1474
1475
1477
1479
1480
1482
1485
1487
1488
1490
1492
1493
1494
1503
1505
1506
1509
1510
1514
1515
1516
1517
1518
1519
1520
1525
1526
1528
1531
1534
1535
1537
1538
1539
1540
1541
1543
1545
1546
1551
1552
1553
1554
1555
1556
1558
1559
1560
1561
1562
1563
1564
1565
1567
1568
1569
1570
1572
1573
1575
1578
1579
1580
1582
1583
1586
1587
1590
1591
1596
1598
1599
1603
1604
1607
1608
1609
1611
1612
1614
1616
1617
1618
1621
1629
1631
1632
1633
1634
1636
1638
1639
1647
1648
1653
1654
1656
1657
1660
1661
1663
1664
1665
1671
1672
1673
1674
1676
1677
1678
1681
1683
1684
1686
1689
1690
1691
1697
1698
1699
1701
1702
1707
1708
1709
1710
1712
1716
1722
1723
1724
1725
1726
1727
1728
1730
1731
1737
1738
1739
1741
1742
1743
1744
1745
1746
1747
1748
1750
1751
1752
1757
1760
1761
1765
1766
1769
1770
1771
1773
1775
1776
1777
1778
1779
1780
1782
1784
1785
1787
1788
1790
1791
1792
1793
1795
1798
1801
1804
1805
1807
1808
1812
1813
1814
1819
1822
1823
1824
1825
1828
1830
1834
1835
1837
1838
1841
1844
1846
1847
1850
1851
1852
1853
1856
1858
1859
1862
1863
1871
1873
1874
1876
1879
1880
1888
1890
1891
1892
1897
1898
1899
1901
1902
1904
1905
1906
1907
1911
1912
1915
1916
1917
1918
1920
1923
1925
1930
1931
1933
1934
1936
1937
1939
1940
1941
1946
1948
1950
1951
1952
1953
1954
1955
1957
1958
1963
1966
1967
1970
1973
1975
1976
1978
1979
1981
1983
1986
1988
1990
1991
1993
1994
1996
1997
1999
2000
2003
2004
2006
2007
2009
2012
2014
2015
2016
2018
2019
2023
2025
2026
2027
2030
2033
2035
2038
2040
2042
2045
2046
2048
2057
2060
2061
2062
2064
2065
2067
2068
2070
2074
2075
2076
2077
2080
2081
2084
2085
2086
2087
2088
2090
2093
2099
2100
2101
2102
2105
2106
2110
2112
2114
2115
2117
2119
2120
2121
2122
2124
2125
2126
2129
2131
2133
2134
2135
2136
2141
2142
2143
2144
2146
2148
2149
2150
2151
2152
2156
2163
2165
2166
2167
2170
2173
2175
2177
2178
2183
2186
2187
2195
2197
2199
2203
2204
2206
2207
2208
2210
2213
2214
2217
2218
2219
2221
2223
2224
2228
2229
2235
2240
2243
2245
2247
2248
2250
2251
2253
2254
2255
2256
2257
2260
2263
2265
2267
2269
2270
2271
2273
2277
2283
2284
2286
2288
2289
2290
2295
2296
2298
2301
2303
2304
2305
2308
2310
2312
2314
2316
2317
2320
2324
2325
2328
2330
2333
2334
2336
2338
2340
2341
2342
2345
2347
2351
2352
2353
2355
2356
2357
2360
2361
2362
2366
2367
2369
2370
2371
2372
2374
2376
2378
2379
2380
2381
2384
2385
2386
2387
2395
2396
2400
2401
2403
2405
2406
2407
2409
2410
2412
2413
2414
2415
2420
2421
2425
2428
2429
2432
2433
2434
2435
2436
2437
2438
2443
2444
2445
2448
2449
2450
2451
2454
2455
2456
2458
2459
2461
2468
2470
2471
2472
2473
2474
2475
2477
2478
2480
2482
2483
2484
2485
2486
2487
2491
2493
2495
2496
2498
2501
2505
2506
2507
2510
2512
2514
2515
2516
2517
2518
2519
2520
2523
2525
2526
2527
2530
2531
2532
2533
2535
2537
2538
2539
2541
2542
2546
2548
2552
2553
2554
2556
2558
2559
2562
2565
2567
2568
2571
2574
2576
2577
2578
2581
2582
2583
2584
2586
2588
2592
2594
2596
2597
2600
2602
2603
2605
2608
2612
2614
2616
2617
2619
2621
2624
2625
2627
2628
2631
2632
2635
2636
2637
2639
2640
2642
2643
2645
2646
2647
2648
2649
2650
2651
2652
2653
2654
2655
2658
2659
2661
2663
2666
2667
2669
2670
2671
2675
2676
2678
2679
2682
2686
2688
2689
2690
2691
2693
2698
2699
2700
2701
2703
2704
2705
2707
