1
2
3
4
5
6
8
9
10
13
15
17
18
19
20
21
23
24
25
26
28
29
30
31
32
33
34
35
36
37
38
40
41
42
44
45
46
47
49
50
51
52
53
54
56
57
58
59
60
64
65
66
67
68
69
70
72
74
75
76
80
82
83
84
86
87
88
89
91
92
93
95
96
98
102
105
106
107
108
109
110
112
113
114
115
116
117
118
119
120
121
122
124
125
126
127
129
130
131
132
133
134
135
136
137
138
139
140
142
143
144
145
146
147
152
153
155
156
158
159
161
162
163
164
165
166
167
168
169
170
172
174
175
176
179
180
181
183
184
185
186
187
188
190
191
193
195
196
197
199
200
201
202
203
205
206
207
208
209
210
212
213
214
215
216
217
218
221
222
223
224
226
228
229
230
231
232
233
234
235
236
237
238
240
241
243
244
246
247
249
250
251
252
253
254
255
257
258
259
260
261
262
263
265
266
269
270
271
272
273
274
275
276
277
279
280
281
283
286
287
288
289
292
293
294
295
296
297
299
300
302
303
304
306
307
309
310
311
312
313
314
316
317
318
319
321
322
323
324
325
326
327
328
330
331
332
333
334
336
337
338
341
342
343
344
345
346
347
348
349
350
351
352
354
355
358
359
360
362
363
364
365
367
369
370
371
372
373
374
375
377
378
379
380
381
382
383
385
386
387
389
390
392
393
394
395
396
397
398
399
400
401
402
403
404
405
406
407
408
409
411
413
414
415
416
417
418
420
421
422
423
425
426
428
429
431
432
433
434
435
436
437
438
440
441
444
445
446
447
448
449
450
451
452
453
454
456
457
458
459
460
461
462
464
465
466
468
469
470
471
472
473
475
476
477
478
479
481
482
483
484
487
488
489
490
491
492
493
494
495
496
497
498
500
501
502
503
504
505
506
508
509
510
511
512
513
515
516
517
518
519
520
521
522
523
524
525
526
527
528
529
530
531
532
533
534
535
536
537
538
540
541
542
543
544
546
547
550
551
552
553
554
555
556
557
559
560
561
563
564
565
566
567
568
569
572
573
574
575
576
577
578
579
580
581
582
583
584
585
587
588
589
590
591
592
593
594
596
598
599
600
601
602
604
605
606
607
608
609
610
611
612
613
614
615
617
618
619
620
621
622
623
624
625
626
627
628
629
631
632
633
635
637
638
639
640
641
642
643
644
646
647
648
649
650
651
652
653
654
657
658
661
663
664
665
666
667
668
670
671
672
673
675
676
677
678
680
681
684
685
686
688
689
690
691
692
693
694
696
697
699
700
701
702
703
704
705
706
707
708
709
710
711
712
713
714
715
717
718
719
720
721
723
724
726
727
730
731
732
734
735
736
738
739
741
742
743
744
745
746
747
748
749
750
753
755
757
758
759
760
761
762
764
765
766
767
768
769
770
771
772
773
774
775
776
777
778
779
780
781
782
783
784
785
786
788
789
790
792
793
794
795
796
797
798
799
800
801
802
804
805
807
808
809
810
811
812
813
814
815
816
817
818
819
820
821
822
823
824
825
827
828
829
831
833
834
835
836
837
838
839
840
841
842
843
844
845
846
847
848
849
850
851
853
854
855
856
858
859
860
861
862
863
865
866
867
868
869
870
872
873
874
875
876
877
878
879
880
881
882
884
885
886
887
888
889
894
896
898
899
900
901
902
904
905
906
907
908
910
911
912
913
915
916
917
918
919
920
921
923
924
925
926
927
928
929
930
932
933
934
935
937
939
940
941
942
945
947
948
950
951
952
954
956
957
958
959
960
961
963
964
966
967
968
969
971
972
973
974
975
976
977
978
979
981
983
984
985
986
989
990
991
994
996
999
1000
1004
1005
1006
1007
1008
1009
1010
1011
1012
1014
1015
1016
1017
1018
1019
1020
1021
1022
1023
1024
1025
1026
1028
1029
1030
1031
1032
1036
1037
1038
1040
1042
1043
1045
1047
1048
1049
1050
1051
1052
1053
1054
1055
1056
1057
1058
1059
1061
1062
1063
1064
1065
1067
1068
1069
1070
1071
1072
1074
1075
1076
1077
1078
1080
1081
1082
1083
1085
1086
1087
1089
1090
1091
1092
1094
1096
1097
1098
1099
1101
1102
1103
1105
1106
1107
1108
1109
1111
1113
1114
1115
1120
1121
1123
1124
1125
1128
1129
1130
1132
1133
1135
1137
1138
1139
1140
1141
1142
1143
1144
1145
1147
1148
1149
1150
1151
1152
1154
1155
1156
1157
1158
1159
1160
1161
1162
1163
1164
1165
1166
1167
1168
1170
1171
1172
1173
1174
1175
1176
1177
1178
1179
1180
1181
1182
1184
1186
1187
1188
1189
1190
1192
1193
1194
1195
1197
1198
1199
1200
1201
1203
1204
1205
1207
1208
1209
1210
1212
1214
1215
1216
1217
1218
1219
1220
1222
1223
1224
1225
1226
1227
1229
1231
1232
1233
1234
1235
1237
1238
1239
1240
1241
1242
1243
1244
1245
1246
1248
1250
1251
1252
1253
1254
1255
1257
1258
1260
1261
1263
1264
1267
1268
1269
1270
1271
1272
1274
1275
1277
1278
1279
1281
1282
1283
1284
1285
1286
1287
1288
1289
1291
1292
1293
1294
1296
1297
1298
1300
1301
1302
1303
1304
1305
1306
1312
1313
1315
1318
1319
1320
1321
1322
1323
1324
1325
1326
1327
1328
1329
1330
1331
1332
1333
1334
1336
1337
1338
1340
1341
1342
1343
1344
1345
1346
1347
1348
1350
1351
1352
1354
1355
1357
1358
1359
1365
1366
1367
1369
1370
1371
1373
1375
1376
1377
1378
1379
1382
1383
1384
1385
1386
1387
1388
1389
1390
1391
1393
1394
1395
1396
1397
1398
1399
1400
1401
1402
1403
1404
1405
1406
1407
1408
1409
1410
1411
1412
1413
1415
1416
1417
1418
1419
1420
1421
1422
1423
1424
1425
1428
1429
1430
1431
1432
1433
1434
1435
1436
1437
1438
1439
1440
1441
1442
1444
1446
1447
1449
1450
1451
1453
1454
1455
1456
1459
1460
1461
1463
1464
1465
1467
1469
1470
1472
1474
1475
1476
1478
1479
1480
1481
1482
1483
1484
1485
1486
1487
1488
1491
1492
1495
1497
1498
1499
1500
1501
1502
1503
1504
1506
1507
1508
1509
1510
1511
1512
1513
1514
1515
1516
1520
1521
1522
1524
1525
1526
1527
1528
1529
1530
1531
1533
1534
1535
1536
1537
1538
1539
1540
1541
1542
1543
1544
1545
1546
1547
1548
1549
1551
1553
1554
1555
1556
1557
1558
1559
1561
1562
1563
1564
1565
1567
1568
1569
1570
1571
1573
1574
1575
1576
1577
1578
1579
1580
1582
1583
1584
1585
1586
1587
1588
1589
1590
1591
1592
1593
1594
1595
1596
1598
1599
1600
1601
1604
1605
1606
1607
1608
1609
1610
1611
1612
1614
1615
1616
1617
1618
1619
1620
1621
1624
1625
1626
1627
1628
1630
1631
1633
1634
1636
1638
1639
1641
1642
1643
1644
1645
1647
1649
1650
1652
1653
1654
1655
1656
1657
1658
1659
1660
1662
1663
1664
1665
1668
1669
1672
1673
1674
1675
1676
1678
1679
1680
1681
1682
1685
1686
1687
1688
1691
1692
1693
1694
1696
1698
1700
1701
1702
1703
1704
1705
1706
1707
1711
1712
1713
1714
1715
1716
1717
1718
1719
1720
1723
1725
1726
1727
1728
1729
1731
1733
1734
1735
1736
1737
1738
1740
1741
1742
1744
1745
1747
1748
1749
1751
1752
1753
1754
1755
1756
1757
1759
1760
1762
1763
1764
1765
1766
1767
1768
1769
1771
1772
1773
1775
1776
1778
1779
1780
1782
1783
1785
1786
1788
1789
1790
1791
1792
1794
1795
1796
1798
1799
1803
1804
1805
1806
1807
1808
1809
1811
1812
1815
1817
1818
1819
1821
1823
1825
1826
1827
1829
1830
1833
1834
1835
1837
1838
1840
1841
1842
1843
1844
1845
1846
1847
1848
1849
1851
1852
1853
1854
1855
1856
1857
1858
1859
1860
1861
1862
1863
1865
1868
1869
1870
1871
1872
1874
1876
1878
1879
1880
1881
1882
1884
1885
1886
1887
1888
1889
1890
1891
1892
1893
1896
1898
1899
1900
1903
1904
1905
1906
1907
1909
1910
1911
1912
1915
1916
1917
1919
1920
1921
1922
1924
1926
1927
1928
1930
1931
1933
1934
1935
1937
1939
1940
1941
1942
1943
1944
1945
1946
1947
1948
1949
1950
1951
1952
1953
1954
1955
1956
1957
1958
1959
1960
1961
1962
1963
1966
1967
1968
1969
1971
1972
1973
1974
1975
1977
1978
1979
1980
1981
1982
1983
1985
1986
1987
1988
1989
1992
1993
1994
1995
1996
1997
1998
1999
2000
2001
2004
2005
2006
2008
2009
2010
2011
2012
2013
2014
2015
2016
2018
2019
2020
2021
2023
2024
2025
2026
2027
2028
2029
2030
2031
2032
2033
2034
2035
2036
2037
2040
2041
2042
2043
2044
2045
2046
2048
2049
2050
2051
2052
2053
2054
2055
2056
2057
2058
2059
2060
2061
2062
2063
2064
2065
2066
2067
2068
2069
2070
2071
2072
2074
2075
2076
2077
2078
2079
2080
2082
2083
2085
2086
2087
2088
2089
2091
2092
2094
2095
2096
2097
2099
2100
2101
2102
2105
2106
2107
2108
2109
2111
2112
2114
2116
2117
2118
2120
2121
2122
2123
2124
2125
2126
2127
2128
2129
2130
2131
2132
2133
2135
2136
2138
2139
2140
2141
2142
2143
2144
2145
2146
2147
2148
2149
2150
2151
2152
2153
2154
2155
2156
2157
2158
2161
2163
2164
2165
2166
2167
2168
2169
2170
2172
2173
2174
2175
2176
2177
2178
2179
2180
2181
2182
2183
2184
2185
2186
2188
2191
2192
2193
2195
2196
2197
2198
2199
2201
2203
2205
2206
2207
2208
2209
2210
2211
2212
2213
2214
2216
2217
2218
2219
2220
2221
2222
2223
2224
2225
2226
2227
2228
2229
2230
2231
2232
2233
2234
2235
2237
2239
2240
2241
2242
2243
2244
2245
2246
2247
2249
2250
2251
2252
2253
2254
2256
2257
2258
2259
2260
2261
2263
2264
2265
2266
2267
2268
2269
2270
2272
2273
2274
2275
2276
2278
2279
2280
2281
2282
2284
2285
2286
2287
2288
2290
2292
2294
2295
2297
2298
2299
2302
2303
2305
2306
2308
2309
2311
2312
2316
2317
2318
2319
2320
2321
2322
2324
2325
2326
2327
2330
2331
2333
2334
2335
2336
2337
2338
2339
2341
2342
2343
2344
2345
2347
2350
2351
2352
2353
2354
2355
2356
2358
2359
2360
2361
2362
2363
2365
2366
2367
2369
2370
2371
2372
2374
2375
2376
2377
2379
2380
2381
2384
2385
2386
2388
2389
2390
2393
2394
2395
2396
2397
2398
2400
2401
2402
2403
2404
2405
2406
2407
2408
2409
2410
2411
2412
2414
2416
2417
2418
2419
2421
2422
2423
2424
2425
2427
2428
2430
2431
2432
2433
2434
2436
2439
2440
2441
2442
2443
2444
2445
2446
2447
2448
2449
2450
2453
2454
2455
2457
2458
2460
2462
2463
2464
2465
2466
2467
2468
2469
2470
2471
2473
2474
2475
2476
2478
2479
2482
2483
2486
2487
2488
2489
2490
2491
2493
2494
2495
2496
2497
2498
2499
2500
2501
2502
2504
2505
2506
2507
2508
2509
2510
2511
2512
2513
2515
2517
2518
2520
2522
2523
2524
2525
2527
2528
2529
2530
2531
2532
2533
2534
2535
2536
2537
2538
2539
2540
2542
2544
2545
2546
2547
2548
2550
2551
2552
2553
2554
2555
2558
2559
2560
2561
2564
2565
2566
2567
2568
2569
2570
2571
2572
2573
2575
2577
2580
2581
2582
2583
2584
2585
2587
2588
2589
2590
2591
2592
2594
2595
2597
2598
2599
2601
2602
2603
2604
2605
2606
2607
2608
2609
2610
2611
2612
2613
2614
2615
2617
2618
2619
2621
2622
2623
2624
2625
2626
2627
2629
2630
2633
2634
2635
2636
2637
2638
2640
2642
2643
2645
2646
2648
2650
2651
2652
2653
2654
2656
2657
2658
2659
2661
2662
2663
2665
2667
2669
2671
2673
2674
2675
2677
2678
2679
2680
2681
2682
2683
2684
2685
2686
2687
2689
2690
2691
2693
2694
2695
2696
2697
2698
2699
2700
2701
2703
2704
2705
2706
2707
