22
24
31
32
51
52
53
57
65
72
74
89
105
107
128
130
140
143
144
147
152
169
176
178
179
185
199
205
207
210
213
216
230
248
273
278
280
314
337
343
357
360
362
390
406
412
417
419
431
432
449
459
470
472
477
489
526
533
536
543
556
573
574
577
580
586
594
597
606
611
620
623
631
642
665
672
675
678
683
690
693
723
728
746
756
776
783
795
801
803
806
810
818
838
842
848
849
874
880
881
883
895
896
902
909
947
953
970
983
988
990
1002
1008
1013
1030
1033
1037
1046
1052
1067
1088
1089
1110
1119
1125
1126
1127
1139
1168
1173
1179
1187
1196
1199
1200
1228
1236
1299
1326
1395
1409
1421
1433
1466
1467
1506
1509
1515
1518
1522
1556
1562
1566
1567
1600
1626
1634
1635
1639
1647
1649
1678
1683
1708
1715
1731
1741
1743
1751
1757
1767
1774
1781
1799
1834
1841
1847
1858
1875
1876
1878
1899
1931
1932
1937
1953
1956
1968
1971
1981
1984
2002
2011
2015
2025
2028
2029
2039
2040
2047
2054
2056
2063
2072
2074
2087
2091
2092
2097
2100
2117
2118
2121
2122
2125
2145
2146
2180
2188
2191
2193
2198
2202
2203
2207
2216
2228
2230
2232
2253
2258
2270
2276
2287
2288
2303
2333
2344
2379
2381
2383
2391
2402
2406
2409
2412
2439
2445
2455
2465
2477
2496
2508
2518
2522
2528
2538
2543
2550
2551
2561
2596
2613
2618
2635
2637
2641
2660
2673
2679
