0
2
3
4
5
6
7
10
11
12
13
14
15
21
22
25
26
30
33
35
37
38
39
41
42
43
45
46
47
48
49
50
51
52
53
54
55
56
57
58
59
60
61
63
68
69
73
76
79
81
82
83
87
89
90
94
95
96
97
99
100
101
102
103
104
105
107
108
110
111
112
113
114
115
116
117
118
119
120
122
124
127
130
131
132
133
135
138
143
144
145
147
148
149
150
151
152
153
155
157
158
159
160
161
162
165
166
167
168
172
174
175
177
178
179
180
181
182
183
185
186
188
189
193
194
195
196
198
199
200
201
202
203
204
206
210
212
213
214
215
216
217
218
219
220
222
223
224
225
226
227
228
230
232
233
234
236
237
238
239
241
242
243
244
245
246
249
250
251
252
254
255
256
257
258
259
260
262
263
265
266
267
268
269
270
274
275
277
279
280
281
282
283
284
285
286
287
288
289
290
293
294
295
296
298
299
300
301
302
303
305
307
308
309
310
311
314
317
319
320
321
323
324
327
330
331
332
333
334
335
336
337
338
339
340
341
342
343
346
347
350
352
353
354
356
357
359
360
361
363
364
365
368
369
370
371
374
375
376
377
378
380
381
382
383
384
386
387
388
389
390
391
393
398
400
401
402
403
405
406
407
411
412
413
414
417
418
419
420
421
422
423
424
425
426
427
429
430
432
433
435
437
438
440
442
443
444
445
446
447
448
450
451
452
455
457
459
461
462
464
465
466
467
468
469
470
471
472
473
476
478
479
480
482
483
484
485
486
487
488
491
492
495
497
498
501
502
503
504
506
507
510
512
513
514
517
521
522
523
524
527
528
530
534
536
537
538
540
541
542
543
544
545
546
547
548
551
552
553
555
556
559
561
562
563
565
566
567
568
569
570
571
572
573
574
575
576
578
579
581
582
584
587
588
593
594
595
596
597
599
600
603
605
606
607
608
610
611
612
613
615
616
617
618
619
621
622
623
626
627
628
631
632
634
635
636
638
639
641
642
643
645
646
647
648
650
654
655
656
657
658
659
660
661
664
666
667
668
669
670
671
672
673
674
675
676
677
679
681
682
683
687
689
690
691
692
694
695
696
698
699
700
703
704
705
706
710
711
712
713
714
715
716
717
718
719
720
722
723
724
725
727
729
731
733
735
736
737
738
740
742
744
746
747
748
749
750
753
754
756
758
759
763
765
767
770
772
778
779
781
782
785
786
787
790
792
794
797
798
800
801
802
803
804
805
806
809
810
811
812
814
816
817
819
820
821
822
824
826
827
828
829
830
832
834
835
836
837
838
839
840
841
844
845
847
848
849
851
852
853
856
858
860
862
864
866
867
868
871
872
874
875
876
877
878
879
880
881
882
883
884
885
886
887
888
889
891
893
895
896
897
899
902
903
906
907
908
909
910
911
912
915
919
920
922
923
925
926
927
928
930
932
933
936
937
939
940
941
942
945
949
953
954
955
958
959
960
961
963
964
965
967
968
969
972
973
974
979
980
981
982
984
986
990
991
992
993
994
995
996
997
998
999
1001
1002
1003
1004
1005
1006
1007
1008
1009
1010
1011
1012
1013
1014
1015
1019
1021
1022
1023
1026
1027
1028
1029
1031
1032
1033
1035
1038
1040
1041
1046
1047
1048
1050
1053
1054
1055
1056
1058
1063
1065
1066
1067
1069
1071
1072
1074
1075
1076
1077
1078
1080
1081
1084
1085
1086
1088
1089
1090
1091
1092
1093
1095
1096
1097
1098
1099
1100
1101
1102
1103
1104
1105
1107
1108
1109
1110
1115
1117
1118
1119
1120
1121
1122
1123
1125
1127
1128
1132
1133
1134
1136
1138
1139
1140
1142
1143
1144
1145
1146
1147
1148
1151
1152
1153
1156
1161
1163
1165
1167
1169
1170
1171
1172
1173
1175
1176
1178
1180
1181
1182
1184
1185
1186
1189
1190
1192
1193
1194
1195
1196
1197
1198
1199
1200
1202
1203
1205
1206
1207
1208
1209
1210
1211
1212
1214
1215
1218
1219
1221
1222
1224
1225
1226
1227
1229
1230
1231
1232
1235
1236
1238
1241
1244
1245
1246
1247
1248
1250
1252
1253
1254
1255
1256
1258
1259
1261
1262
1263
1265
1267
1268
1269
1270
1271
1272
1274
1275
1279
1281
1283
1284
1285
1286
1287
1288
1289
1290
1292
1293
1294
1295
1296
1299
1301
1302
1304
1305
1306
1307
1309
1310
1311
1312
1313
1315
1316
1317
1319
1320
1321
1323
1325
1328
1329
1334
1336
1340
1341
1342
1347
1348
1349
1350
1352
1353
1354
1356
1357
1358
1359
1360
1361
1362
1363
1364
1366
1367
1368
1369
1370
1371
1372
1373
1374
1377
1379
1380
1381
1382
1383
1384
1385
1386
1388
1390
1391
1393
1394
1395
1396
1397
1398
1399
1400
1401
1402
1403
1405
1406
1407
1411
1412
1413
1414
1417
1419
1421
1422
1423
1424
1425
1426
1429
1430
1432
1433
1434
1435
1436
1438
1439
1440
1441
1444
1445
1447
1448
1449
1450
1451
1452
1453
1454
1455
1456
1457
1459
1460
1461
1464
1465
1466
1469
1470
1471
1473
1474
1475
1476
1477
1478
1479
1481
1484
1485
1486
1487
1489
1490
1491
1492
1493
1495
1496
1497
1498
1499
1500
1501
1502
1503
1504
1505
1506
1508
1510
1511
1514
1515
1516
1518
1519
1521
1522
1523
1524
1525
1526
1528
1530
1531
1532
1534
1535
1537
1538
1539
1540
1543
1544
1545
1546
1548
1549
1550
1551
1555
1557
1558
1559
1560
1562
1563
1564
1565
1566
1567
1569
1571
1572
1573
1574
1575
1576
1577
1578
1579
1580
1581
1582
1583
1586
1587
1589
1590
1592
1596
1597
1598
1599
1601
1603
1604
1605
1606
1607
1608
1609
1611
1612
1616
1617
1618
1619
1621
1622
1624
1626
1627
1628
1629
1630
1631
1632
1633
1634
1635
1638
1639
1640
1641
1642
1643
1644
1645
1646
1648
1650
1651
1652
1656
1657
1658
1660
1661
1663
1664
1665
1667
1668
1669
1670
1672
1675
1676
1678
1679
1680
1681
1683
1684
1687
1688
1689
1690
1692
1693
1694
1695
1696
1697
1698
1700
1701
1702
1703
1704
1705
1707
1708
1709
1710
1711
1712
1713
1715
1716
1717
1718
1719
1720
1721
1722
1723
1724
1726
1727
1729
1731
1732
1733
1735
1736
1738
1739
1740
1741
1746
1747
1748
1749
1750
1751
1753
1754
1755
1756
1757
1759
1760
1761
1763
1764
1765
1766
1767
1769
1771
1773
1774
1776
1777
1778
1782
1783
1784
1786
1787
1788
1789
1790
1791
1792
1793
1794
1796
1797
1798
1799
1800
1802
1803
1804
1805
1806
1808
1809
1810
1811
1812
1814
1816
1817
1818
1819
1820
1822
1823
1824
1825
1827
1828
1832
1834
1835
1837
1838
1840
1841
1842
1843
1844
1845
1848
1849
1850
1851
1852
1854
1855
1856
1857
1858
1859
1861
1862
1863
1864
1866
1868
1869
1870
1871
1872
1873
1874
1875
1876
1878
1879
1880
1881
1883
1884
1885
1886
1887
1889
1890
1891
1892
1894
1895
1897
1898
1899
1901
1902
1904
1906
1907
1908
1910
1911
1912
1914
1915
1916
1918
1919
1921
1923
1924
1925
1926
1927
1928
1929
1932
1933
1934
1935
1937
1940
1942
1943
1945
1946
1947
1949
1950
1951
1952
1953
1955
1956
1957
1958
1959
1961
1962
1964
1965
1966
1967
1968
1969
1970
1971
1972
1975
1976
1977
1978
1979
1980
1981
1983
1984
1985
1986
1987
1990
1991
1994
1995
1996
1997
1998
1999
2001
2003
2004
2005
2006
2007
2009
2010
2011
2012
2013
2014
2016
2018
2019
2020
2024
2025
2027
2029
2030
2031
2032
2033
2034
2037
2038
2039
2041
2043
2045
2047
2050
2051
2052
2053
2054
2056
2060
2061
2062
2064
2065
2066
2068
2069
2070
2071
2072
2073
2074
2075
2076
2077
2078
2079
2080
2082
2083
2084
2086
2088
2089
2090
2093
2095
2096
2098
2101
2102
2103
2105
2106
2107
2109
2111
2112
2113
2114
2116
2117
2120
2121
2122
2123
2125
2126
2128
2129
2130
2131
2132
2135
2136
2137
2138
2139
2141
2142
2143
2144
2145
2146
2147
2148
2150
2152
2158
2159
2160
2161
2162
2163
2166
2168
2169
2170
2172
2173
2175
2176
2177
2178
2179
2180
2181
2182
2185
2186
2187
2188
2189
2191
2193
2194
2195
2196
2198
2199
2203
2205
2207
2209
2211
2212
2214
2216
2217
2219
2220
2221
2223
2225
2226
2227
2230
2231
2232
2233
2235
2236
2237
2238
2239
2241
2243
2248
2249
2250
2252
2254
2255
2256
2257
2258
2259
2260
2262
2263
2264
2265
2266
2267
2269
2270
2271
2272
2274
2275
2276
2277
2278
2279
2280
2281
2283
2284
2285
2286
2288
2289
2290
2291
2292
2294
2295
2297
2299
2300
2301
2302
2303
2304
2305
2306
2307
2308
2309
2312
2314
2315
2316
2319
2320
2322
2323
2325
2327
2329
2330
2331
2332
2334
2336
2337
2339
2340
2342
2343
2346
2347
2348
2349
2350
2352
2353
2356
2357
2358
2359
2360
2362
2363
2365
2366
2367
2368
2369
2370
2373
2374
2375
2376
2377
2378
2379
2380
2382
2384
2386
2387
2388
2389
2391
2396
2397
2399
2401
2404
2406
2407
2408
2409
2411
2412
2414
2416
2418
2419
2420
2421
2422
2423
2424
2425
2427
2428
2430
2431
2432
2433
2434
2435
2436
2437
2438
2439
2440
2441
2442
2445
2446
2447
2448
2449
2450
2453
2454
2455
2457
2459
2461
2462
2463
2464
2466
2467
2468
2471
2472
2474
2475
2478
2480
2481
2483
2484
2486
2487
2488
2490
2491
2493
2494
2495
2496
2498
2499
2500
2502
2503
2504
2505
2508
2509
2510
2511
2512
2513
2514
2515
2516
2517
2518
2520
2521
2522
2525
2526
2527
2528
2529
2531
2532
2533
2534
2535
2536
2537
2538
2541
2546
2547
2548
2550
2551
2552
2553
2554
2555
2556
2557
2560
2562
2564
2566
2567
2569
2570
2571
2573
2574
2575
2576
2577
2578
2580
2581
2582
2583
2586
2587
2588
2589
2590
2591
2592
2594
2595
2597
2598
2599
2600
2601
2603
2604
2605
2606
2607
2610
2611
2613
2614
2616
2617
2618
2619
2620
2623
2624
2625
2626
2627
2629
2630
2631
2632
2633
2634
2635
2636
2638
2639
2640
2641
2642
2643
2644
2645
2646
2648
2650
2652
2653
2654
2655
2656
2659
2661
2662
2664
2665
2666
2667
2668
2670
2673
2675
2678
2679
2680
2682
2683
2684
2685
2687
2688
2689
2690
2693
2694
2696
2697
2698
2699
2700
2701
2703
2705
2706
2707
