0
1
2
3
5
6
8
10
21
22
23
25
26
31
32
36
40
44
47
49
51
53
55
57
63
65
67
70
71
72
74
75
81
84
86
88
89
91
92
93
94
95
102
107
109
112
113
114
115
119
120
122
124
127
131
132
133
134
136
137
138
139
140
146
150
152
154
156
157
158
160
168
172
180
186
189
192
194
195
196
198
200
201
206
215
216
219
220
223
225
238
239
242
245
248
250
251
253
254
255
256
262
263
264
265
266
268
270
273
274
275
276
279
281
282
285
290
292
300
302
305
307
308
309
310
312
314
320
323
326
328
329
333
334
337
341
345
347
348
352
354
360
363
365
369
370
372
375
379
382
383
386
387
388
389
390
399
400
401
405
406
409
411
412
413
414
419
421
422
423
425
426
427
429
430
433
434
437
439
441
442
448
454
455
456
460
465
469
471
472
474
476
484
491
498
501
507
508
517
518
522
524
525
527
529
532
535
536
537
539
540
544
547
549
550
555
559
561
563
565
568
572
578
579
581
583
584
587
591
592
594
601
602
603
606
614
616
619
620
622
624
625
626
627
629
631
633
636
639
647
652
653
655
656
662
665
667
669
670
671
675
679
681
684
685
688
690
693
694
695
696
697
701
702
705
707
708
709
710
713
714
717
718
719
720
722
723
726
728
739
740
741
746
748
751
752
757
758
761
764
766
771
772
773
774
776
777
778
781
785
786
788
789
790
792
794
796
797
800
801
802
804
806
811
816
817
821
823
832
834
835
842
844
845
846
847
848
850
851
856
858
873
875
878
880
881
882
885
889
898
903
905
906
908
911
913
915
917
921
923
924
929
930
933
934
935
938
941
943
945
946
947
948
950
951
954
955
956
958
965
966
967
968
969
972
976
977
979
981
982
984
985
986
989
996
997
998
1000
1001
1003
1004
1006
1007
1008
1010
1012
1013
1014
1018
1019
1021
1023
1026
1028
1031
1032
1033
1040
1041
1050
1056
1058
1060
1061
1063
1064
1066
1072
1073
1075
1076
1077
1081
1082
1085
1087
1091
1093
1095
1100
1103
1104
1107
1115
1119
1120
1122
1124
1125
1126
1127
1130
1131
1132
1133
1134
1135
1136
1137
1139
1142
1143
1146
1148
1149
1150
1151
1155
1156
1158
1166
1169
1171
1172
1173
1175
1178
1179
1180
1186
1194
1195
1196
1197
1198
1199
1200
1201
1202
1203
1208
1212
1214
1218
1220
1227
1231
1232
1233
1238
1239
1240
1243
1244
1250
1251
1252
1253
1254
1259
1260
1261
1266
1267
1271
1272
1274
1276
1279
1283
1287
1288
1290
1292
1294
1299
1300
1301
1303
1305
1306
1308
1310
1313
1314
1316
1318
1320
1321
1327
1332
1334
1337
1338
1339
1340
1342
1344
1348
1352
1353
1355
1358
1359
1361
1367
1373
1376
1377
1383
1384
1388
1389
1391
1395
1396
1398
1399
1402
1405
1406
1408
1412
1414
1417
1421
1422
1427
1430
1432
1435
1436
1438
1439
1441
1442
1443
1446
1455
1457
1462
1463
1465
1470
1472
1475
1476
1482
1484
1486
1491
1492
1493
1495
1501
1503
1504
1505
1509
1512
1513
1515
1516
1517
1519
1520
1522
1523
1524
1525
1527
1528
1532
1533
1535
1537
1541
1542
1545
1546
1549
1550
1553
1555
1556
1557
1561
1566
1570
1572
1573
1575
1576
1579
1580
1586
1591
1593
1596
1597
1598
1599
1600
1602
1605
1606
1609
1617
1618
1620
1621
1628
1631
1632
1633
1635
1640
1642
1643
1644
1646
1649
1652
1656
1663
1665
1666
1667
1669
1672
1674
1682
1683
1684
1685
1687
1689
1690
1691
1692
1694
1697
1698
1703
1705
1707
1708
1709
1712
1713
1714
1716
1719
1722
1723
1724
1730
1732
1735
1738
1739
1741
1742
1744
1745
1751
1757
1759
1761
1764
1773
1774
1783
1784
1787
1792
1805
1810
1812
1817
1818
1819
1821
1823
1825
1826
1827
1829
1834
1835
1839
1840
1849
1852
1857
1859
1862
1865
1869
1876
1882
1888
1890
1892
1896
1897
1901
1909
1911
1915
1916
1922
1923
1928
1929
1936
1938
1940
1949
1951
1952
1958
1960
1961
1962
1965
1967
1969
1970
1971
1972
1973
1975
1976
1978
1979
1987
1988
1993
1997
1999
2000
2002
2003
2004
2005
2006
2018
2021
2028
2031
2035
2037
2038
2039
2043
2044
2046
2048
2050
2052
2055
2058
2059
2060
2064
2065
2067
2069
2071
2072
2075
2086
2089
2092
2096
2099
2103
2105
2106
2107
2108
2109
2113
2115
2117
2118
2120
2121
2125
2127
2132
2133
2135
2136
2138
2141
2144
2145
2149
2152
2156
2158
2159
2166
2167
2168
2171
2173
2174
2176
2181
2183
2184
2185
2187
2189
2193
2196
2198
2199
2202
2210
2212
2217
2218
2219
2223
2227
2228
2229
2231
2232
2233
2234
2236
2239
2240
2241
2245
2246
2247
2251
2254
2256
2257
2259
2261
2265
2268
2269
2270
2272
2273
2275
2277
2281
2282
2284
2285
2286
2287
2290
2291
2292
2293
2296
2300
2302
2308
2309
2314
2315
2318
2320
2321
2323
2326
2327
2331
2333
2336
2338
2346
2349
2350
2351
2353
2354
2357
2358
2360
2362
2367
2369
2371
2372
2378
2379
2380
2382
2386
2387
2389
2390
2392
2394
2395
2396
2397
2398
2399
2402
2404
2405
2410
2415
2416
2422
2434
2435
2437
2438
2440
2442
2446
2448
2450
2451
2454
2456
2458
2459
2461
2465
2470
2471
2472
2473
2474
2476
2479
2480
2481
2482
2484
2485
2486
2490
2491
2492
2494
2499
2500
2503
2505
2507
2508
2509
2510
2512
2513
2523
2529
2530
2535
2537
2543
2544
2545
2553
2556
2557
2558
2559
2567
2569
2570
2573
2578
2580
2581
2585
2586
2587
2590
2591
2592
2593
2594
2595
2596
2604
2605
2606
2608
2612
2613
2614
2615
2616
2619
2620
2627
2628
2631
2632
2634
2637
2640
2653
2656
2657
2658
2660
2663
2664
2665
2666
2669
2674
2680
2681
2688
2689
2690
2691
2692
2695
2700
2701
2704
2705
