1
2
9
10
11
12
16
18
20
22
24
27
28
29
33
35
38
41
45
47
50
51
54
55
56
58
60
61
64
70
71
74
75
80
82
84
86
87
88
90
91
92
94
99
106
107
109
114
115
118
120
125
127
130
132
135
140
142
143
151
156
157
161
163
166
167
168
169
176
186
187
188
189
191
192
197
204
205
210
213
216
217
218
219
226
229
230
234
240
241
244
248
252
255
261
264
266
270
271
272
279
281
282
287
292
295
296
299
302
303
305
311
313
315
321
328
339
346
347
348
355
356
358
359
360
363
365
366
367
368
370
372
373
374
376
379
386
395
399
407
409
410
413
427
433
435
436
440
442
443
445
446
452
453
461
463
465
466
467
468
470
475
480
481
484
485
488
491
493
499
500
507
508
510
512
517
521
528
529
535
538
545
546
547
549
550
555
559
561
565
567
570
573
575
578
587
591
592
593
598
599
600
605
606
619
623
625
631
633
637
641
645
649
653
660
663
667
668
671
679
692
696
697
698
700
716
718
720
722
725
726
728
735
737
738
739
740
741
743
747
749
751
757
758
764
766
767
769
770
778
782
785
786
791
797
798
799
801
810
813
816
819
821
822
825
828
829
830
833
840
842
846
854
862
865
873
874
876
879
880
884
888
889
891
896
899
900
902
906
911
914
920
921
925
926
929
936
937
941
943
944
948
949
950
952
955
956
958
959
963
967
969
971
980
981
982
987
997
999
1004
1007
1008
1012
1019
1021
1023
1027
1029
1033
1034
1038
1039
1040
1041
1045
1048
1049
1050
1052
1057
1060
1074
1077
1080
1081
1083
1084
1085
1092
1094
1095
1096
1097
1099
1103
1108
1115
1116
1117
1121
1122
1124
1125
1127
1133
1135
1138
1143
1144
1146
1148
1149
1151
1153
1154
1155
1157
1160
1161
1162
1164
1165
1169
1171
1174
1175
1177
1180
1181
1182
1187
1192
1193
1194
1195
1196
1197
1199
1200
1207
1208
1211
1213
1216
1217
1221
1223
1224
1227
1230
1231
1233
1234
1235
1239
1244
1249
1252
1253
1255
1259
1260
1265
1269
1270
1272
1278
1282
1284
1286
1290
1291
1294
1298
1301
1307
1309
1314
1316
1321
1323
1331
1332
1335
1336
1338
1344
1345
1349
1350
1352
1356
1361
1366
1368
1374
1375
1377
1380
1381
1383
1386
1393
1400
1403
1406
1407
1408
1415
1423
1425
1427
1428
1430
1431
1433
1439
1453
1456
1458
1464
1471
1475
1477
1491
1495
1497
1502
1504
1510
1511
1527
1530
1534
1535
1537
1541
1547
1557
1565
1573
1574
1576
1577
1584
1585
1586
1588
1603
1609
1613
1625
1633
1638
1639
1640
1644
1647
1653
1660
1666
1667
1676
1688
1689
1700
1704
1706
1708
1712
1713
1714
1718
1722
1724
1730
1736
1741
1745
1747
1749
1752
1753
1757
1759
1760
1761
1762
1765
1777
1779
1784
1793
1794
1798
1809
1810
1817
1818
1820
1826
1830
1832
1833
1834
1835
1839
1841
1843
1844
1852
1860
1864
1874
1880
1881
1885
1886
1887
1891
1892
1899
1902
1904
1905
1906
1907
1910
1920
1921
1923
1931
1934
1935
1944
1945
1947
1951
1953
1956
1960
1979
1981
1987
1988
1989
1990
1993
1995
1997
2002
2003
2006
2010
2013
2014
2021
2022
2028
2036
2042
2044
2049
2050
2056
2057
2063
2064
2065
2069
2074
2079
2095
2096
2099
2103
2106
2107
2113
2115
2116
2117
2121
2125
2131
2134
2135
2137
2143
2148
2152
2155
2156
2157
2158
2159
2168
2174
2176
2184
2187
2192
2193
2196
2202
2204
2209
2217
2227
2228
2229
2231
2237
2238
2240
2242
2244
2245
2246
2247
2253
2257
2264
2265
2268
2270
2271
2274
2277
2287
2288
2289
2294
2296
2297
2299
2300
2309
2312
2317
2320
2321
2323
2326
2333
2338
2340
2345
2349
2354
2357
2358
2366
2370
2372
2374
2376
2381
2382
2383
2385
2389
2391
2393
2395
2397
2399
2406
2409
2411
2412
2417
2418
2424
2430
2432
2439
2440
2457
2458
2461
2463
2465
2467
2472
2474
2477
2480
2485
2488
2492
2495
2497
2499
2500
2501
2506
2509
2510
2514
2519
2521
2522
2525
2527
2528
2529
2531
2536
2537
2540
2543
2549
2550
2551
2554
2555
2557
2561
2563
2577
2580
2592
2602
2604
2606
2607
2618
2620
2621
2625
2628
2630
2638
2639
2642
2643
2644
2653
2656
2663
2666
2669
2673
2677
2681
2682
2686
2689
2695
2697
2702
