0
2
3
4
7
8
10
11
12
13
14
15
16
17
18
20
31
32
33
35
36
37
40
41
45
46
47
48
53
54
55
56
57
58
60
61
62
63
64
65
68
69
70
74
75
76
77
78
79
80
81
84
85
86
87
88
89
91
93
95
97
99
101
103
105
106
108
110
112
113
114
115
117
119
120
121
122
123
124
125
128
129
130
131
132
133
134
135
136
137
138
139
140
141
143
144
145
146
147
149
151
152
153
154
155
156
157
158
159
160
161
163
164
165
167
168
169
170
171
173
175
176
177
178
179
181
183
184
185
186
187
189
190
191
192
193
195
196
197
198
200
201
202
204
205
207
209
211
212
213
214
217
218
219
221
222
225
226
227
228
229
230
234
235
236
237
238
239
240
242
243
244
247
249
250
253
254
255
256
257
259
261
262
263
264
265
269
271
272
273
274
275
277
278
279
280
281
283
284
285
286
287
288
291
292
293
294
295
296
297
298
299
300
301
302
303
306
307
308
309
310
311
312
313
314
318
319
320
321
322
323
324
325
327
328
329
331
332
333
335
336
337
338
340
341
342
343
344
345
346
347
349
350
351
352
353
354
356
357
358
359
360
361
362
363
366
367
368
369
370
371
372
373
375
376
377
378
379
380
381
383
384
385
389
391
392
393
394
395
396
397
399
400
401
402
403
404
405
406
409
411
412
413
414
417
418
422
423
424
425
426
427
428
432
433
434
436
437
439
440
441
442
443
444
445
446
447
450
451
452
453
454
455
456
457
458
461
462
465
467
472
473
474
475
476
478
479
480
481
484
485
486
487
488
489
490
491
492
493
494
496
497
500
501
502
505
506
507
509
510
511
512
513
514
515
519
520
523
525
526
527
528
529
530
534
536
537
538
539
540
541
542
543
544
546
547
548
549
551
552
553
554
555
556
559
561
564
565
566
567
570
573
574
575
576
579
580
581
584
585
586
587
588
589
590
592
594
595
596
597
598
600
602
603
604
606
607
609
610
612
614
615
616
617
618
619
620
623
625
630
631
632
634
636
637
638
639
640
642
644
646
648
649
650
651
653
655
656
657
658
660
661
663
664
665
666
667
668
671
672
673
674
675
676
678
679
681
682
685
687
688
690
691
693
694
695
697
699
700
701
702
704
708
709
710
711
712
713
714
715
716
718
720
721
723
724
725
726
727
730
733
734
735
738
739
740
741
742
743
744
745
746
747
749
750
751
752
753
754
756
757
760
763
765
767
768
770
772
773
774
780
782
785
786
787
788
790
791
793
794
796
798
799
800
802
804
805
806
808
809
810
812
813
814
817
819
820
821
822
824
826
827
830
832
834
835
837
838
839
841
842
843
844
845
846
847
848
850
851
853
854
855
857
858
859
862
863
867
868
869
872
873
876
877
878
879
880
882
884
885
886
888
889
891
892
893
895
896
897
898
900
901
903
904
906
908
909
910
912
913
914
915
916
917
919
920
921
922
923
924
925
926
927
928
930
931
932
933
934
936
937
938
941
942
943
944
945
948
949
950
951
953
954
955
956
957
958
960
962
964
965
969
970
974
975
977
978
982
983
984
986
987
989
991
992
996
997
998
999
1000
1003
1005
1006
1007
1009
1011
1013
1014
1015
1016
1017
1018
1019
1021
1022
1023
1024
1027
1028
1029
1031
1032
1033
1034
1036
1037
1039
1040
1041
1043
1044
1045
1046
1047
1049
1051
1052
1053
1054
1055
1058
1059
1060
1061
1062
1064
1065
1066
1069
1070
1071
1072
1073
1074
1077
1078
1079
1080
1083
1085
1086
1087
1088
1089
1090
1091
1092
1093
1094
1095
1096
1097
1099
1101
1102
1105
1106
1107
1108
1110
1111
1113
1114
1116
1118
1120
1121
1122
1123
1124
1125
1126
1127
1128
1129
1130
1131
1132
1133
1134
1139
1140
1141
1142
1143
1146
1147
1149
1150
1151
1155
1159
1163
1164
1165
1167
1169
1170
1171
1172
1174
1175
1176
1177
1179
1180
1182
1185
1187
1189
1192
1193
1194
1195
1196
1197
1198
1199
1201
1202
1203
1204
1205
1206
1207
1210
1211
1212
1213
1214
1215
1216
1217
1218
1220
1221
1222
1223
1225
1226
1227
1228
1229
1230
1232
1233
1235
1236
1237
1238
1239
1240
1241
1242
1243
1245
1246
1248
1250
1252
1253
1254
1255
1256
1257
1258
1259
1260
1261
1263
1266
1267
1268
1269
1271
1273
1275
1276
1277
1279
1280
1281
1282
1285
1288
1289
1290
1291
1294
1295
1296
1297
1298
1299
1300
1302
1303
1304
1305
1308
1309
1310
1311
1313
1315
1316
1318
1319
1320
1322
1324
1325
1326
1327
1328
1329
1330
1331
1333
1335
1336
1337
1338
1339
1340
1342
1344
1347
1349
1350
1352
1354
1356
1357
1358
1359
1360
1362
1364
1366
1368
1371
1372
1373
1374
1376
1378
1379
1383
1385
1386
1387
1388
1389
1392
1393
1395
1396
1397
1398
1400
1401
1403
1404
1408
1410
1412
1413
1414
1415
1419
1420
1422
1423
1424
1426
1428
1429
1432
1433
1434
1437
1438
1440
1441
1442
1443
1444
1445
1446
1447
1448
1449
1451
1452
1453
1454
1455
1456
1457
1458
1459
1462
1463
1464
1466
1468
1470
1471
1473
1474
1475
1477
1478
1479
1480
1481
1483
1484
1485
1486
1487
1488
1489
1490
1491
1493
1494
1495
1497
1498
1501
1502
1504
1505
1506
1507
1509
1510
1511
1512
1515
1516
1517
1518
1519
1521
1522
1523
1524
1527
1528
1530
1531
1532
1534
1535
1538
1545
1546
1547
1549
1551
1552
1554
1555
1557
1559
1560
1562
1565
1567
1568
1570
1571
1573
1574
1575
1576
1580
1582
1583
1585
1586
1587
1588
1589
1591
1592
1594
1595
1596
1598
1599
1600
1601
1603
1605
1606
1607
1609
1610
1611
1612
1613
1614
1615
1616
1618
1621
1622
1623
1624
1625
1626
1627
1629
1630
1631
1632
1633
1636
1637
1638
1639
1642
1644
1645
1647
1648
1650
1651
1653
1654
1655
1656
1657
1658
1660
1664
1665
1666
1667
1668
1670
1671
1672
1673
1675
1677
1678
1679
1680
1681
1682
1683
1684
1685
1686
1687
1689
1690
1691
1693
1694
1695
1696
1697
1699
1700
1701
1702
1704
1705
1708
1710
1712
1713
1714
1716
1718
1719
1720
1721
1722
1723
1724
1726
1727
1728
1731
1733
1734
1736
1738
1740
1741
1746
1748
1749
1750
1752
1754
1755
1756
1757
1759
1760
1761
1762
1764
1765
1766
1767
1768
1769
1770
1771
1772
1774
1777
1778
1779
1780
1783
1784
1786
1787
1788
1789
1790
1791
1794
1795
1796
1799
1800
1801
1802
1803
1806
1808
1809
1810
1812
1813
1814
1815
1817
1818
1820
1821
1822
1823
1825
1826
1827
1829
1830
1831
1832
1834
1835
1836
1839
1840
1841
1842
1844
1845
1846
1847
1848
1849
1850
1851
1852
1853
1854
1855
1856
1858
1860
1861
1862
1863
1864
1865
1866
1867
1869
1870
1871
1872
1873
1875
1876
1877
1878
1879
1882
1883
1884
1885
1886
1888
1889
1890
1891
1892
1893
1894
1895
1899
1900
1901
1902
1903
1904
1905
1907
1908
1910
1912
1913
1916
1919
1920
1921
1922
1923
1924
1926
1930
1931
1932
1933
1935
1936
1937
1939
1940
1941
1942
1943
1945
1946
1947
1948
1949
1950
1952
1953
1955
1958
1959
1961
1962
1963
1964
1965
1967
1968
1969
1970
1971
1973
1974
1976
1977
1980
1981
1982
1983
1984
1986
1988
1989
1991
1992
1995
1996
1998
1999
2001
2003
2004
2005
2006
2007
2009
2011
2012
2013
2014
2015
2016
2018
2020
2021
2022
2023
2025
2026
2028
2030
2033
2034
2036
2037
2038
2039
2040
2041
2042
2044
2047
2048
2053
2055
2058
2060
2061
2062
2063
2064
2065
2066
2067
2068
2069
2070
2071
2072
2074
2076
2078
2080
2083
2084
2085
2086
2087
2088
2089
2090
2092
2093
2094
2096
2097
2098
2099
2100
2102
2103
2104
2105
2107
2109
2110
2111
2112
2113
2116
2117
2118
2119
2120
2121
2124
2125
2126
2127
2129
2132
2133
2137
2138
2139
2141
2142
2143
2144
2145
2146
2148
2149
2150
2151
2152
2153
2154
2156
2157
2158
2159
2161
2164
2166
2167
2168
2169
2170
2171
2173
2176
2177
2178
2179
2180
2181
2182
2183
2184
2185
2186
2187
2188
2189
2190
2191
2192
2196
2197
2198
2200
2205
2207
2208
2209
2211
2212
2213
2215
2216
2217
2218
2220
2221
2222
2223
2224
2225
2226
2228
2231
2233
2235
2236
2237
2239
2240
2241
2242
2244
2246
2247
2248
2249
2250
2252
2253
2254
2255
2258
2260
2261
2262
2263
2264
2265
2267
2269
2270
2271
2272
2274
2275
2280
2282
2283
2284
2286
2287
2290
2291
2292
2294
2296
2297
2298
2302
2304
2307
2308
2309
2312
2314
2315
2316
2319
2321
2322
2323
2325
2327
2328
2329
2330
2334
2335
2337
2338
2339
2340
2341
2342
2343
2344
2347
2348
2349
2350
2352
2353
2354
2355
2358
2360
2361
2362
2363
2365
2366
2368
2369
2370
2371
2372
2373
2374
2377
2380
2381
2382
2384
2385
2387
2388
2389
2390
2391
2392
2393
2394
2395
2398
2399
2400
2401
2402
2403
2404
2406
2407
2410
2411
2412
2413
2415
2416
2417
2419
2420
2422
2423
2424
2425
2426
2429
2431
2432
2433
2435
2436
2439
2440
2441
2442
2443
2444
2446
2449
2450
2451
2453
2454
2456
2457
2458
2459
2460
2461
2462
2464
2465
2467
2469
2470
2471
2473
2475
2476
2477
2478
2479
2480
2481
2482
2483
2484
2485
2487
2488
2489
2493
2494
2497
2498
2499
2500
2501
2502
2504
2505
2507
2508
2509
2510
2512
2514
2515
2516
2517
2518
2519
2520
2521
2522
2523
2524
2525
2526
2527
2528
2530
2531
2532
2533
2534
2535
2536
2537
2540
2541
2542
2544
2545
2546
2547
2548
2550
2551
2552
2553
2555
2556
2557
2558
2560
2561
2563
2564
2565
2568
2569
2570
2571
2572
2573
2574
2576
2577
2583
2585
2586
2587
2590
2593
2595
2596
2599
2601
2602
2604
2608
2610
2611
2612
2613
2614
2617
2621
2622
2623
2624
2626
2628
2629
2632
2634
2636
2637
2639
2640
2641
2642
2644
2645
2646
2647
2648
2649
2650
2651
2652
2653
2655
2657
2658
2659
2660
2661
2663
2664
2665
2666
2670
2672
2674
2675
2677
2680
2681
2683
2684
2685
2687
2688
2689
2690
2691
2692
2694
2695
2696
2697
2698
2700
2702
2703
2704
2705
2706
