2
3
4
5
6
7
8
9
11
12
13
14
16
19
20
21
24
25
26
28
31
32
34
36
37
39
42
43
44
46
48
49
50
51
52
53
58
59
60
62
64
65
67
68
69
70
71
73
74
76
78
83
85
86
87
89
91
94
96
97
98
103
108
110
112
113
115
118
119
120
121
122
123
125
127
129
130
131
132
133
134
135
137
138
139
140
142
143
144
145
146
148
149
150
154
155
156
157
158
160
161
165
168
171
173
174
175
177
179
180
181
182
184
185
189
191
192
193
194
196
197
202
203
205
209
210
211
212
214
215
216
218
220
223
224
225
226
227
228
229
230
232
233
234
235
238
241
245
246
247
248
249
252
255
256
261
262
263
264
266
267
268
270
271
272
273
275
276
278
279
280
281
283
284
285
286
287
288
290
291
293
295
296
298
300
301
302
306
307
308
309
310
311
312
314
315
317
319
321
324
326
327
330
332
333
334
336
337
338
339
340
342
343
344
347
349
350
352
354
358
361
366
367
368
371
372
373
375
376
377
378
379
380
382
383
384
385
389
390
392
394
396
399
400
401
402
403
406
407
409
410
412
415
416
417
418
419
420
423
424
425
426
427
428
429
432
433
435
438
439
441
442
445
448
449
450
451
452
454
455
456
457
459
460
462
463
464
465
466
468
469
470
472
475
476
477
480
481
482
488
489
490
493
494
497
498
500
501
504
505
506
508
510
512
515
516
517
521
523
524
525
526
527
529
530
531
532
533
534
535
536
537
538
539
541
543
544
546
547
554
556
557
559
560
561
563
564
566
569
570
571
572
574
575
579
580
581
584
585
587
588
589
592
595
596
597
598
600
602
603
607
610
611
612
613
614
615
618
619
621
623
625
627
632
635
637
639
640
642
643
644
646
650
651
652
653
654
655
656
658
660
661
664
667
668
671
673
674
677
678
679
680
681
682
683
686
687
688
690
692
694
697
700
701
703
704
705
707
709
710
711
712
713
715
716
718
723
724
727
729
732
734
735
736
737
739
740
741
742
744
745
746
747
748
749
750
751
752
753
754
756
757
760
761
762
763
764
765
766
767
769
770
773
775
778
780
781
783
787
788
790
791
793
795
797
798
799
800
801
802
803
804
807
810
813
817
819
820
821
822
823
826
829
831
832
834
835
837
839
844
846
847
851
852
854
858
860
861
863
865
866
868
869
870
872
873
876
877
878
880
881
882
885
886
887
888
890
891
894
898
900
901
902
904
905
906
907
908
909
911
913
915
919
920
923
924
925
927
929
931
933
934
935
936
937
938
940
944
948
949
950
951
952
953
954
956
957
959
961
963
967
968
969
970
971
974
975
978
980
981
982
985
986
987
988
989
990
995
999
1000
1002
1003
1006
1007
1008
1009
1010
1011
1013
1014
1015
1016
1018
1019
1021
1024
1027
1028
1030
1031
1032
1033
1034
1037
1039
1043
1044
1046
1047
1048
1049
1050
1052
1054
1055
1058
1059
1061
1063
1064
1065
1067
1068
1069
1071
1073
1075
1077
1079
1080
1081
1082
1084
1085
1086
1087
1090
1095
1097
1098
1099
1100
1101
1103
1105
1106
1107
1108
1109
1111
1112
1113
1114
1116
1122
1125
1126
1127
1128
1129
1132
1133
1134
1135
1138
1139
1143
1145
1146
1148
1149
1150
1151
1153
1154
1155
1158
1161
1163
1165
1169
1170
1174
1176
1177
1179
1180
1182
1184
1185
1187
1188
1190
1191
1192
1193
1195
1196
1197
1200
1201
1202
1204
1205
1206
1208
1209
1210
1214
1215
1216
1218
1220
1222
1223
1224
1225
1226
1228
1229
1230
1231
1233
1234
1235
1238
1239
1242
1243
1244
1245
1247
1251
1252
1253
1254
1255
1256
1258
1260
1261
1264
1265
1267
1269
1270
1271
1272
1273
1274
1275
1276
1277
1278
1280
1287
1289
1292
1293
1296
1297
1298
1299
1302
1303
1304
1305
1306
1307
1308
1310
1311
1313
1314
1316
1321
1322
1323
1327
1329
1330
1331
1332
1333
1334
1336
1338
1339
1340
1344
1347
1350
1352
1353
1355
1357
1358
1359
1361
1366
1368
1370
1372
1373
1374
1375
1378
1381
1382
1384
1387
1388
1390
1392
1395
1397
1398
1399
1401
1402
1404
1406
1407
1408
1410
1411
1412
1413
1415
1416
1417
1418
1419
1420
1421
1423
1424
1426
1427
1428
1430
1434
1436
1437
1438
1440
1441
1443
1445
1446
1448
1453
1454
1455
1456
1458
1459
1460
1461
1462
1463
1464
1466
1468
1471
1472
1473
1475
1479
1481
1482
1483
1484
1487
1488
1489
1490
1493
1496
1498
1499
1502
1503
1509
1510
1512
1513
1514
1516
1517
1519
1520
1521
1522
1523
1526
1527
1528
1529
1530
1531
1534
1535
1537
1540
1543
1544
1545
1547
1548
1549
1551
1552
1553
1554
1555
1557
1559
1560
1562
1563
1565
1568
1569
1573
1574
1576
1577
1578
1580
1582
1584
1585
1588
1590
1591
1592
1594
1595
1597
1598
1600
1601
1604
1605
1609
1610
1611
1612
1613
1614
1616
1619
1620
1623
1624
1627
1631
1632
1633
1634
1635
1636
1637
1639
1643
1644
1645
1646
1647
1652
1653
1654
1655
1656
1657
1658
1659
1660
1662
1663
1666
1668
1669
1672
1673
1674
1675
1677
1678
1679
1680
1682
1683
1686
1687
1691
1693
1694
1695
1697
1698
1699
1700
1702
1703
1705
1706
1709
1711
1712
1715
1716
1720
1722
1723
1726
1731
1732
1733
1734
1736
1737
1740
1742
1743
1744
1745
1747
1748
1749
1751
1753
1754
1755
1757
1758
1760
1762
1764
1766
1768
1769
1770
1771
1775
1776
1777
1778
1779
1780
1785
1786
1787
1788
1789
1790
1792
1793
1794
1795
1796
1797
1798
1805
1806
1807
1808
1809
1811
1812
1814
1816
1817
1818
1819
1821
1824
1825
1830
1832
1833
1835
1837
1841
1842
1844
1848
1849
1850
1851
1852
1853
1854
1856
1857
1859
1860
1861
1862
1864
1866
1867
1869
1871
1873
1874
1875
1877
1880
1881
1882
1886
1890
1891
1892
1893
1895
1896
1899
1900
1901
1903
1905
1906
1907
1908
1910
1911
1912
1913
1914
1915
1916
1922
1923
1927
1929
1930
1931
1936
1938
1939
1943
1944
1945
1946
1947
1948
1949
1951
1952
1953
1954
1955
1956
1957
1958
1961
1963
1964
1966
1967
1968
1971
1972
1973
1974
1975
1976
1977
1978
1981
1982
1984
1985
1988
1989
1990
1991
1992
1993
1995
1999
2000
2002
2005
2006
2007
2009
2010
2011
2012
2013
2014
2015
2016
2018
2019
2021
2022
2023
2024
2026
2029
2030
2032
2033
2034
2035
2036
2037
2038
2039
2041
2043
2045
2047
2048
2049
2050
2052
2053
2054
2055
2060
2061
2062
2065
2066
2071
2073
2074
2075
2076
2078
2079
2081
2082
2084
2085
2087
2089
2091
2097
2098
2099
2103
2104
2105
2106
2107
2108
2110
2111
2112
2115
2117
2118
2119
2120
2122
2123
2125
2126
2127
2128
2132
2133
2136
2137
2138
2140
2144
2146
2147
2148
2149
2150
2152
2153
2154
2155
2156
2157
2158
2159
2160
2162
2163
2164
2165
2166
2169
2171
2173
2174
2175
2176
2177
2178
2179
2180
2183
2184
2185
2186
2191
2192
2194
2196
2197
2200
2201
2202
2203
2205
2207
2208
2209
2210
2211
2212
2213
2214
2215
2216
2218
2219
2220
2221
2222
2223
2224
2226
2228
2232
2235
2236
2240
2242
2243
2244
2245
2246
2248
2249
2251
2252
2253
2255
2256
2257
2259
2260
2261
2262
2263
2269
2270
2271
2272
2273
2274
2277
2278
2280
2282
2285
2286
2287
2288
2294
2298
2299
2302
2303
2306
2307
2308
2313
2315
2318
2319
2320
2321
2322
2323
2326
2328
2330
2331
2332
2333
2335
2336
2337
2340
2341
2342
2345
2346
2347
2350
2352
2353
2354
2355
2356
2358
2359
2360
2361
2362
2363
2366
2367
2373
2375
2377
2382
2383
2385
2386
2387
2388
2390
2391
2392
2394
2396
2399
2401
2402
2403
2404
2405
2407
2408
2409
2412
2414
2419
2420
2422
2424
2429
2432
2433
2437
2438
2439
2440
2444
2445
2446
2447
2452
2454
2456
2457
2458
2459
2460
2461
2463
2467
2473
2474
2475
2477
2478
2480
2482
2483
2484
2485
2486
2487
2491
2492
2494
2495
2497
2499
2501
2502
2503
2504
2505
2509
2511
2512
2514
2516
2519
2521
2522
2523
2524
2526
2527
2528
2530
2531
2533
2534
2538
2541
2543
2544
2547
2548
2549
2550
2554
2556
2557
2558
2562
2563
2565
2567
2570
2576
2579
2580
2583
2584
2585
2587
2589
2591
2592
2594
2595
2598
2600
2604
2605
2606
2607
2609
2612
2613
2616
2618
2619
2620
2624
2625
2626
2630
2631
2633
2634
2636
2637
2638
2642
2643
2646
2647
2650
2651
2653
2654
2656
2657
2658
2660
2661
2662
2663
2664
2665
2667
2670
2673
2674
2675
2676
2678
2679
2681
2683
2684
2686
2687
2688
2690
2693
2694
2695
2696
2697
2700
2701
2702
2703
2704
2705
2706
2707
