1
5
7
8
15
16
17
21
22
29
34
38
47
49
51
52
55
56
69
76
79
82
86
91
93
96
103
107
116
117
119
137
138
141
144
159
160
173
175
179
182
185
186
192
199
208
211
216
217
219
231
232
245
246
253
255
264
269
272
276
284
286
287
292
293
303
312
315
317
326
331
332
334
337
348
352
353
360
374
379
383
385
387
390
397
398
405
419
433
434
440
444
447
450
452
471
477
478
483
485
496
497
498
500
510
511
512
518
527
534
558
560
582
585
590
593
599
600
605
607
616
617
620
636
637
639
643
644
645
653
660
663
670
685
688
690
699
700
707
714
716
718
721
724
730
737
739
740
743
753
756
758
770
773
782
785
798
810
811
814
831
838
839
846
853
854
866
870
875
879
881
883
888
898
907
920
922
923
930
932
934
937
941
944
962
967
978
989
994
1004
1017
1030
1037
1039
1042
1044
1048
1051
1054
1055
1063
1064
1070
1074
1075
1076
1081
1086
1087
1088
1090
1096
1097
1099
1103
1115
1118
1119
1123
1129
1137
1150
1151
1155
1156
1161
1166
1183
1185
1186
1187
1193
1196
1197
1198
1199
1200
1212
1218
1219
1223
1225
1230
1231
1234
1236
1239
1246
1250
1252
1257
1263
1268
1269
1274
1275
1280
1282
1283
1285
1287
1289
1290
1296
1298
1300
1305
1309
1323
1329
1338
1340
1342
1344
1350
1351
1357
1367
1369
1383
1395
1396
1404
1407
1408
1409
1412
1413
1416
1423
1425
1429
1435
1448
1455
1459
1465
1470
1478
1484
1488
1491
1492
1496
1509
1521
1523
1539
1550
1552
1553
1556
1559
1568
1570
1575
1578
1580
1582
1583
1594
1597
1598
1611
1620
1626
1642
1643
1649
1653
1654
1656
1658
1661
1663
1667
1672
1674
1678
1682
1683
1692
1694
1702
1725
1729
1736
1739
1744
1747
1748
1749
1763
1764
1790
1795
1801
1805
1809
1814
1822
1826
1829
1831
1836
1840
1845
1853
1857
1859
1862
1869
1876
1879
1882
1884
1888
1897
1900
1902
1903
1911
1924
1925
1942
1952
1954
1956
1961
1962
1970
1971
1975
1977
1978
1982
1984
1985
1987
1989
1990
1993
2009
2018
2025
2027
2032
2034
2044
2045
2048
2049
2051
2054
2056
2061
2062
2064
2072
2074
2076
2083
2087
2091
2097
2099
2100
2102
2104
2120
2121
2122
2126
2139
2142
2145
2149
2151
2165
2167
2170
2174
2177
2183
2184
2192
2201
2203
2204
2205
2208
2218
2220
2229
2230
2248
2264
2265
2272
2275
2277
2285
2290
2297
2308
2314
2322
2333
2336
2338
2339
2342
2345
2350
2351
2359
2364
2376
2382
2384
2386
2388
2397
2400
2406
2410
2412
2413
2414
2420
2440
2445
2446
2449
2450
2451
2459
2463
2468
2469
2471
2474
2493
2496
2512
2520
2536
2537
2543
2548
2551
2556
2559
2561
2566
2568
2570
2576
2582
2584
2585
2586
2589
2600
2604
2609
2614
2619
2632
2653
2658
2660
2661
2668
2669
2679
2682
2691
2693
2702
2706
