0
1
2
3
4
5
8
9
11
12
13
15
16
17
18
22
24
25
28
31
32
33
34
35
37
38
39
40
42
43
44
45
46
47
48
49
50
51
52
53
54
55
56
58
59
60
61
63
64
65
66
67
69
70
71
72
73
74
75
77
79
80
81
82
83
85
86
87
88
89
91
92
93
94
95
96
97
99
101
102
103
104
106
109
112
113
115
116
117
118
119
120
121
122
123
124
125
126
128
129
130
131
132
133
134
136
137
138
139
141
142
143
144
145
146
147
148
149
150
151
152
154
155
156
157
158
162
163
164
165
167
170
173
174
175
176
177
178
179
180
181
183
185
186
187
188
189
190
191
192
193
194
195
196
199
201
202
203
204
205
207
208
209
210
211
212
213
214
215
216
217
218
219
220
221
223
224
225
226
227
228
231
232
235
236
237
238
240
241
242
243
245
247
248
250
251
252
253
255
257
258
259
260
261
262
263
264
265
267
268
269
270
272
273
274
275
276
277
278
281
284
285
286
287
288
289
290
291
292
293
294
295
296
299
301
304
307
308
309
310
311
312
314
315
316
318
320
322
323
324
325
328
329
331
332
333
334
335
336
338
339
340
341
343
345
347
348
349
350
351
353
354
355
356
357
358
359
360
362
363
364
366
367
368
369
370
372
373
374
375
376
378
379
382
385
386
388
389
390
391
392
394
395
396
398
400
401
403
405
406
407
409
410
411
412
414
415
416
418
419
420
422
424
427
428
429
430
432
433
434
435
436
438
440
443
444
445
446
447
449
450
451
452
453
456
457
459
460
462
463
467
468
469
470
471
472
474
475
476
477
479
480
481
482
483
484
486
487
488
489
490
491
492
493
494
495
497
498
499
500
502
504
505
506
507
508
509
510
511
512
513
514
515
516
517
521
522
523
524
525
526
527
528
530
531
533
536
537
538
539
540
541
542
543
544
545
547
548
549
550
551
552
554
555
556
557
558
559
560
561
562
563
564
565
566
567
568
569
570
571
572
573
574
575
576
577
578
579
580
581
582
583
584
585
586
587
588
589
590
591
592
594
595
596
599
600
601
603
605
606
607
608
610
612
613
614
615
616
617
618
619
622
623
624
625
626
627
628
629
632
633
634
636
637
638
639
644
645
646
647
648
649
650
651
653
654
655
656
657
658
659
660
663
664
665
666
668
669
670
674
676
678
679
680
681
682
683
684
685
686
687
688
689
691
693
694
695
696
697
699
700
701
702
703
705
706
707
709
710
711
712
715
716
717
718
719
720
721
722
724
725
726
727
728
729
730
732
734
735
737
739
740
741
742
743
744
745
746
747
748
749
750
751
753
754
756
757
758
759
760
761
762
763
765
766
767
768
769
771
774
775
776
778
779
780
781
783
785
787
788
789
791
793
794
796
797
798
799
800
801
802
803
804
805
806
808
809
810
811
812
813
815
816
817
819
820
822
823
824
825
827
828
829
830
832
833
834
835
836
837
838
840
842
843
845
846
849
850
851
852
853
854
855
856
857
858
859
860
861
862
863
864
866
867
868
869
870
871
872
874
875
876
877
878
879
880
881
882
883
884
885
886
887
888
889
890
891
893
894
895
896
897
898
900
901
902
903
905
906
907
908
909
910
911
912
913
914
916
917
918
920
921
922
924
925
926
928
930
931
933
934
936
938
939
940
941
945
946
947
948
950
951
952
954
955
956
958
959
960
961
962
963
964
965
966
968
969
970
971
972
973
974
975
977
978
980
981
982
986
987
989
990
991
992
993
995
996
997
998
999
1000
1001
1002
1003
1005
1006
1007
1008
1009
1010
1012
1013
1014
1015
1016
1017
1018
1019
1020
1022
1024
1027
1028
1029
1032
1033
1034
1035
1036
1037
1038
1039
1040
1041
1042
1043
1044
1045
1046
1047
1048
1049
1051
1052
1054
1055
1056
1057
1058
1059
1060
1061
1063
1064
1066
1067
1068
1069
1070
1072
1073
1074
1075
1076
1077
1078
1079
1080
1082
1083
1084
1085
1086
1089
1090
1091
1092
1093
1095
1096
1097
1098
1100
1101
1103
1105
1106
1108
1110
1111
1116
1117
1118
1119
1120
1121
1122
1124
1125
1126
1127
1129
1130
1132
1133
1134
1135
1136
1137
1138
1139
1140
1141
1142
1143
1144
1146
1147
1148
1149
1150
1151
1152
1153
1155
1156
1157
1158
1159
1161
1163
1164
1167
1168
1169
1171
1172
1173
1174
1176
1177
1178
1179
1180
1181
1182
1183
1184
1185
1186
1188
1189
1191
1192
1193
1194
1195
1197
1198
1199
1200
1201
1202
1203
1204
1205
1207
1209
1210
1211
1212
1213
1214
1216
1218
1219
1221
1222
1223
1225
1227
1230
1232
1233
1235
1237
1238
1240
1241
1242
1244
1245
1247
1248
1249
1250
1251
1252
1253
1254
1257
1258
1259
1260
1261
1262
1263
1264
1265
1266
1268
1270
1272
1273
1274
1275
1277
1278
1279
1280
1281
1282
1284
1285
1287
1288
1289
1290
1291
1293
1294
1296
1297
1298
1300
1301
1302
1303
1304
1305
1306
1308
1311
1312
1313
1314
1315
1316
1317
1318
1319
1321
1322
1323
1324
1325
1326
1327
1330
1331
1332
1334
1335
1336
1337
1338
1339
1340
1341
1343
1346
1348
1350
1351
1352
1353
1354
1355
1356
1357
1358
1359
1360
1361
1362
1363
1365
1366
1367
1368
1369
1372
1374
1375
1376
1377
1379
1380
1381
1382
1383
1384
1386
1387
1388
1389
1390
1391
1394
1395
1396
1397
1399
1400
1401
1402
1404
1405
1406
1407
1408
1410
1411
1412
1413
1414
1416
1418
1419
1420
1421
1422
1423
1424
1425
1426
1427
1428
1429
1430
1431
1432
1434
1435
1436
1437
1438
1439
1440
1441
1442
1443
1445
1446
1447
1451
1452
1453
1454
1455
1457
1458
1459
1460
1461
1465
1466
1468
1469
1470
1471
1472
1473
1474
1475
1476
1477
1478
1481
1482
1483
1484
1485
1486
1487
1488
1489
1491
1492
1493
1494
1495
1496
1498
1499
1500
1501
1502
1503
1504
1505
1506
1507
1508
1509
1510
1511
1513
1514
1515
1516
1517
1518
1519
1520
1522
1523
1524
1525
1526
1527
1529
1530
1531
1532
1533
1534
1535
1536
1539
1540
1541
1542
1543
1544
1545
1546
1547
1548
1549
1551
1552
1553
1554
1555
1556
1557
1558
1559
1560
1562
1563
1564
1565
1566
1567
1568
1569
1570
1572
1574
1576
1578
1579
1580
1582
1583
1584
1586
1587
1589
1591
1592
1593
1594
1595
1596
1597
1598
1599
1600
1601
1602
1603
1604
1606
1607
1608
1609
1611
1612
1613
1615
1616
1617
1618
1619
1621
1622
1623
1624
1625
1627
1628
1630
1632
1634
1636
1637
1638
1639
1641
1642
1643
1644
1645
1646
1647
1648
1649
1651
1652
1653
1655
1656
1657
1658
1659
1660
1661
1662
1663
1664
1667
1668
1671
1672
1673
1674
1675
1676
1678
1679
1681
1682
1683
1688
1690
1691
1694
1695
1696
1697
1698
1699
1703
1704
1705
1706
1707
1709
1710
1711
1712
1713
1714
1715
1716
1718
1719
1720
1721
1722
1723
1724
1725
1726
1728
1729
1730
1731
1732
1733
1734
1735
1736
1737
1738
1739
1740
1741
1743
1744
1746
1748
1749
1751
1752
1754
1756
1758
1759
1760
1761
1762
1763
1764
1765
1766
1767
1768
1769
1770
1771
1773
1774
1776
1777
1778
1779
1782
1783
1784
1785
1786
1787
1788
1789
1790
1791
1793
1794
1795
1796
1797
1798
1799
1800
1801
1802
1803
1806
1807
1809
1811
1812
1813
1814
1815
1816
1817
1818
1819
1820
1822
1823
1824
1825
1826
1827
1828
1829
1831
1832
1833
1835
1836
1837
1838
1839
1840
1841
1843
1844
1845
1846
1848
1849
1850
1851
1853
1854
1856
1857
1858
1859
1860
1861
1863
1864
1865
1866
1868
1869
1870
1871
1872
1873
1874
1876
1880
1881
1883
1884
1885
1886
1887
1888
1889
1890
1893
1894
1895
1896
1897
1898
1899
1900
1903
1904
1906
1907
1908
1909
1910
1912
1914
1915
1916
1917
1918
1919
1920
1921
1922
1923
1924
1925
1926
1928
1929
1930
1931
1932
1933
1934
1935
1936
1937
1938
1939
1940
1941
1942
1943
1944
1945
1946
1947
1949
1950
1951
1952
1953
1954
1955
1958
1959
1960
1961
1962
1963
1964
1965
1966
1967
1968
1969
1970
1971
1972
1975
1977
1978
1979
1980
1981
1982
1983
1984
1985
1986
1987
1989
1990
1991
1992
1993
1994
1995
1996
1997
1998
1999
2000
2001
2003
2005
2006
2007
2008
2009
2010
2011
2013
2014
2015
2016
2017
2019
2020
2021
2022
2023
2024
2025
2026
2027
2028
2029
2030
2031
2032
2033
2035
2036
2037
2038
2039
2040
2042
2043
2045
2046
2047
2048
2049
2050
2051
2052
2053
2054
2055
2056
2057
2058
2059
2060
2061
2062
2063
2065
2069
2070
2071
2072
2073
2074
2075
2076
2077
2078
2079
2081
2082
2083
2084
2085
2086
2087
2088
2089
2090
2091
2092
2093
2094
2097
2098
2100
2101
2102
2103
2104
2105
2107
2108
2109
2110
2111
2112
2113
2114
2115
2116
2117
2118
2119
2120
2121
2122
2123
2124
2125
2126
2127
2129
2130
2131
2133
2134
2137
2138
2139
2141
2142
2143
2144
2145
2146
2147
2148
2149
2150
2151
2152
2154
2155
2156
2157
2158
2160
2161
2162
2163
2164
2165
2166
2167
2168
2169
2170
2171
2172
2174
2175
2176
2178
2179
2181
2182
2183
2184
2185
2186
2187
2188
2190
2191
2194
2195
2197
2198
2199
2200
2201
2203
2204
2206
2207
2208
2210
2211
2212
2213
2215
2216
2217
2218
2219
2220
2221
2222
2223
2224
2226
2227
2230
2231
2232
2233
2234
2235
2237
2238
2240
2241
2242
2243
2245
2246
2247
2248
2249
2251
2252
2253
2255
2256
2257
2259
2260
2261
2262
2263
2264
2265
2267
2268
2269
2270
2271
2273
2274
2275
2276
2277
2278
2279
2280
2281
2282
2283
2285
2286
2287
2288
2289
2290
2292
2293
2294
2295
2296
2297
2298
2299
2300
2302
2303
2304
2305
2306
2307
2308
2310
2311
2312
2313
2314
2316
2317
2318
2319
2320
2321
2322
2323
2324
2325
2326
2327
2328
2329
2330
2331
2332
2333
2335
2336
2337
2338
2339
2340
2341
2342
2343
2344
2345
2346
2347
2349
2350
2352
2353
2354
2355
2356
2359
2360
2361
2362
2363
2365
2366
2367
2368
2369
2372
2373
2375
2376
2377
2379
2380
2381
2382
2383
2385
2386
2388
2389
2390
2391
2392
2394
2395
2396
2398
2399
2400
2402
2403
2405
2406
2408
2409
2410
2411
2412
2413
2414
2415
2416
2417
2418
2420
2421
2424
2425
2426
2427
2428
2430
2431
2432
2433
2434
2435
2436
2437
2439
2440
2441
2442
2443
2444
2445
2446
2447
2448
2451
2452
2453
2454
2455
2456
2457
2460
2461
2462
2463
2464
2465
2466
2467
2469
2470
2471
2472
2473
2474
2475
2478
2479
2480
2481
2486
2487
2489
2491
2492
2493
2494
2496
2497
2498
2499
2500
2501
2502
2503
2504
2505
2507
2508
2510
2511
2512
2515
2516
2518
2519
2520
2521
2522
2523
2524
2525
2526
2527
2528
2530
2531
2532
2533
2534
2536
2537
2538
2539
2540
2541
2543
2544
2545
2548
2549
2551
2553
2555
2557
2558
2559
2560
2562
2563
2566
2567
2568
2569
2571
2572
2573
2574
2575
2576
2578
2579
2580
2581
2582
2583
2584
2585
2586
2587
2588
2589
2591
2592
2593
2594
2595
2596
2597
2598
2599
2600
2602
2603
2604
2605
2607
2609
2610
2611
2612
2613
2614
2615
2616
2617
2618
2619
2620
2622
2623
2624
2625
2626
2628
2629
2630
2632
2633
2634
2635
2637
2638
2639
2640
2641
2643
2644
2645
2646
2647
2648
2649
2650
2651
2652
2653
2654
2655
2656
2657
2658
2659
2660
2661
2662
2665
2666
2668
2669
2670
2671
2672
2673
2674
2675
2676
2677
2678
2682
2683
2686
2687
2688
2689
2691
2692
2693
2695
2696
2698
2699
2700
2702
2703
2704
2705
2706
2707
