1
2
3
5
7
11
13
16
18
19
23
29
32
33
35
37
41
43
44
45
53
55
57
58
60
61
69
70
71
73
75
76
77
78
79
81
82
83
84
89
100
104
105
106
108
109
111
115
117
118
119
120
121
124
131
133
138
139
141
143
144
146
152
154
156
158
161
168
176
178
179
181
184
188
191
193
194
196
201
207
208
215
218
224
226
227
228
230
232
237
239
240
241
242
243
244
246
248
252
254
256
258
259
261
262
264
265
268
273
274
275
276
278
281
283
291
292
295
296
298
304
305
309
313
315
316
318
319
323
326
327
329
330
333
335
337
339
340
344
346
349
350
351
353
359
360
364
365
369
370
371
373
375
378
379
382
383
385
387
388
389
390
392
399
400
410
415
416
417
418
420
424
425
428
429
430
431
435
436
438
439
440
441
444
445
449
451
452
454
459
460
462
464
465
466
467
468
471
474
476
479
480
485
487
491
493
499
501
507
510
516
517
519
523
525
526
531
538
539
543
545
547
560
564
569
571
574
576
577
580
581
582
584
586
587
588
599
600
602
604
605
612
615
616
618
619
621
625
631
633
635
636
637
644
645
648
649
654
658
660
666
667
669
670
671
674
675
679
680
681
683
684
691
692
695
696
697
702
706
710
714
715
717
718
721
726
728
732
735
736
737
738
740
741
746
747
748
749
751
753
756
757
759
765
767
768
773
774
775
778
779
788
795
798
802
804
805
806
807
809
810
812
813
819
820
821
822
823
824
825
829
831
835
837
838
843
846
850
851
853
854
860
861
865
873
875
877
879
881
882
883
884
885
888
889
892
894
895
897
900
901
910
911
912
913
922
925
926
927
929
932
933
934
938
939
942
944
945
947
952
960
962
963
964
971
973
975
976
989
990
995
1001
1010
1013
1014
1018
1019
1020
1022
1025
1026
1027
1028
1031
1032
1036
1039
1040
1042
1043
1045
1047
1050
1055
1056
1059
1061
1063
1064
1065
1066
1067
1068
1069
1078
1081
1082
1085
1088
1091
1092
1095
1100
1101
1102
1105
1106
1108
1112
1114
1120
1121
1123
1130
1132
1133
1137
1138
1141
1146
1147
1149
1151
1153
1155
1156
1160
1162
1163
1165
1167
1168
1169
1170
1172
1175
1179
1181
1183
1190
1193
1195
1202
1203
1211
1215
1217
1218
1219
1222
1223
1225
1228
1230
1232
1233
1234
1236
1238
1242
1244
1247
1249
1250
1251
1254
1256
1257
1258
1262
1265
1269
1271
1274
1276
1278
1279
1282
1283
1288
1289
1295
1299
1301
1307
1308
1316
1318
1319
1320
1323
1324
1329
1330
1331
1334
1335
1337
1338
1341
1344
1346
1347
1357
1360
1363
1364
1366
1367
1370
1371
1372
1374
1376
1379
1383
1390
1394
1398
1399
1401
1403
1405
1406
1412
1413
1414
1415
1416
1418
1420
1423
1424
1425
1427
1428
1429
1430
1432
1433
1434
1437
1438
1439
1440
1443
1450
1452
1455
1461
1462
1463
1464
1465
1466
1467
1468
1469
1473
1475
1476
1480
1484
1487
1488
1490
1492
1493
1496
1498
1500
1502
1506
1508
1509
1510
1512
1513
1515
1519
1521
1529
1531
1533
1535
1539
1542
1545
1548
1550
1552
1554
1557
1558
1561
1563
1564
1567
1568
1569
1573
1576
1578
1579
1581
1584
1586
1587
1591
1592
1593
1594
1595
1597
1598
1599
1602
1603
1604
1609
1610
1614
1615
1616
1619
1621
1624
1625
1628
1629
1630
1637
1638
1639
1642
1643
1651
1652
1655
1656
1658
1659
1669
1671
1672
1673
1674
1676
1677
1681
1682
1684
1689
1693
1695
1696
1698
1699
1709
1713
1714
1716
1719
1720
1730
1731
1737
1738
1739
1740
1743
1744
1745
1746
1750
1753
1757
1760
1761
1765
1770
1774
1775
1777
1778
1781
1782
1785
1787
1790
1793
1796
1797
1798
1800
1802
1804
1806
1807
1808
1810
1812
1814
1818
1819
1820
1821
1826
1830
1831
1833
1838
1841
1842
1849
1851
1855
1858
1860
1862
1867
1868
1869
1870
1871
1875
1880
1882
1884
1885
1890
1893
1899
1900
1901
1902
1905
1910
1913
1914
1916
1917
1922
1923
1929
1933
1934
1935
1936
1946
1947
1949
1950
1951
1953
1958
1961
1963
1964
1965
1967
1971
1972
1974
1977
1979
1981
1982
1987
1989
1991
1994
1996
1998
2000
2001
2003
2004
2008
2012
2013
2014
2015
2019
2020
2021
2022
2035
2036
2040
2043
2044
2045
2048
2053
2060
2061
2063
2064
2068
2069
2070
2073
2076
2078
2079
2081
2088
2091
2093
2094
2096
2103
2104
2106
2107
2110
2115
2116
2119
2123
2124
2127
2133
2134
2136
2137
2138
2139
2141
2143
2146
2149
2153
2155
2157
2160
2165
2166
2168
2170
2171
2172
2175
2181
2183
2184
2185
2189
2194
2195
2198
2199
2202
2204
2207
2209
2210
2212
2217
2223
2225
2227
2229
2230
2232
2234
2236
2240
2241
2246
2247
2251
2256
2258
2259
2261
2262
2267
2269
2271
2274
2276
2280
2282
2288
2292
2293
2298
2300
2301
2303
2304
2306
2308
2310
2315
2319
2324
2327
2328
2332
2333
2335
2340
2343
2346
2347
2349
2350
2352
2353
2357
2358
2362
2367
2368
2376
2377
2379
2380
2381
2382
2384
2391
2392
2396
2398
2399
2401
2403
2406
2407
2409
2411
2413
2416
2418
2420
2425
2431
2432
2436
2439
2441
2443
2444
2445
2450
2453
2455
2456
2458
2460
2462
2463
2464
2465
2469
2470
2472
2474
2475
2479
2483
2484
2485
2489
2491
2494
2500
2501
2502
2503
2505
2507
2509
2511
2516
2518
2521
2526
2527
2528
2535
2536
2538
2539
2551
2558
2560
2561
2562
2565
2566
2567
2570
2572
2573
2574
2575
2576
2577
2578
2580
2582
2587
2588
2589
2600
2604
2621
2623
2625
2630
2631
2634
2638
2640
2641
2644
2645
2646
2648
2650
2651
2652
2655
2656
2657
2658
2662
2663
2666
2667
2668
2671
2672
2673
2674
2676
2680
2681
2682
2692
2693
2694
2696
2697
2699
2701
2702
2703
