0
1
8
10
11
12
13
16
19
23
24
26
28
30
32
37
38
39
41
42
43
46
49
50
51
52
53
54
60
63
64
71
73
75
77
78
79
80
82
85
87
89
90
92
95
96
100
102
103
104
105
106
107
108
110
112
113
114
116
118
119
120
121
122
123
124
127
130
131
134
138
139
147
148
150
154
156
157
158
161
163
167
168
171
173
174
176
178
179
180
181
182
183
184
188
190
192
200
201
203
204
206
208
211
212
217
221
222
223
224
225
228
229
230
231
232
233
235
241
244
245
247
251
252
253
254
255
256
258
262
264
268
275
277
278
279
280
284
286
289
290
292
294
295
297
298
302
304
305
306
309
311
312
315
320
322
324
327
328
329
331
332
333
335
336
338
339
345
350
351
352
356
359
362
363
368
374
375
379
380
383
386
389
390
391
392
398
400
403
404
407
408
409
411
421
422
427
428
429
430
431
432
434
435
436
439
443
444
446
449
452
453
455
457
458
459
460
461
462
465
466
467
468
470
471
472
473
474
476
477
478
479
480
481
484
485
488
489
490
493
497
498
500
503
504
505
506
509
510
512
515
516
517
518
519
529
530
531
532
533
535
537
538
540
542
543
545
546
547
548
550
552
554
556
561
563
566
567
570
571
572
576
579
580
582
583
585
587
588
589
592
593
595
596
597
600
601
602
606
609
610
611
612
613
614
615
620
621
622
625
626
629
632
639
641
643
647
650
652
653
654
655
657
659
660
662
663
664
665
673
674
676
687
688
690
691
693
695
698
702
703
706
708
709
710
711
714
715
717
718
719
723
728
729
730
731
732
736
737
738
739
740
741
742
743
745
746
747
749
752
753
756
762
763
765
767
769
770
771
772
773
774
776
777
778
783
788
792
793
794
797
798
799
800
801
803
804
809
811
812
813
814
815
817
819
820
821
823
825
826
829
831
832
834
839
840
842
845
847
848
849
850
852
853
854
855
863
864
865
868
869
872
874
875
877
878
881
882
885
888
889
891
894
895
896
897
898
900
904
905
906
907
909
910
911
912
913
914
915
918
919
920
923
925
926
927
928
929
930
938
939
941
946
947
949
956
957
958
959
960
961
962
963
966
968
970
971
975
976
977
978
980
986
988
989
990
993
995
997
1000
1001
1003
1004
1006
1007
1008
1010
1011
1012
1013
1016
1020
1023
1024
1026
1027
1028
1031
1032
1033
1034
1036
1038
1039
1042
1043
1045
1047
1048
1051
1053
1054
1056
1057
1059
1062
1063
1064
1067
1069
1070
1071
1072
1073
1075
1076
1077
1081
1082
1083
1085
1086
1088
1090
1095
1096
1098
1099
1102
1104
1107
1108
1109
1111
1116
1123
1126
1130
1131
1132
1133
1134
1135
1137
1139
1150
1152
1156
1159
1160
1161
1163
1166
1169
1171
1176
1179
1180
1184
1187
1189
1193
1196
1198
1200
1204
1205
1206
1208
1211
1220
1221
1222
1227
1229
1233
1234
1237
1238
1239
1245
1246
1247
1249
1253
1256
1257
1261
1263
1264
1266
1273
1274
1275
1276
1277
1282
1283
1285
1286
1287
1288
1289
1290
1293
1294
1295
1297
1298
1301
1303
1304
1306
1310
1311
1312
1313
1317
1319
1322
1325
1331
1332
1336
1337
1338
1340
1344
1347
1348
1349
1350
1351
1357
1358
1359
1361
1365
1367
1369
1370
1371
1373
1374
1375
1376
1380
1381
1385
1386
1387
1389
1391
1392
1395
1397
1398
1399
1400
1404
1405
1410
1411
1412
1416
1418
1419
1420
1421
1422
1423
1425
1428
1431
1435
1436
1437
1438
1440
1441
1443
1444
1446
1448
1449
1452
1459
1460
1462
1464
1466
1467
1468
1470
1471
1473
1475
1476
1479
1481
1482
1483
1485
1486
1487
1490
1492
1494
1495
1496
1497
1498
1503
1505
1506
1508
1509
1511
1512
1519
1521
1522
1527
1528
1529
1530
1531
1537
1539
1541
1542
1543
1544
1545
1546
1547
1548
1549
1550
1552
1554
1555
1556
1558
1559
1560
1562
1563
1564
1565
1568
1571
1574
1576
1578
1579
1580
1581
1582
1583
1584
1585
1587
1588
1589
1592
1593
1595
1598
1601
1602
1603
1604
1607
1608
1609
1610
1612
1613
1616
1623
1626
1627
1628
1631
1632
1633
1634
1635
1636
1637
1638
1639
1640
1642
1643
1646
1648
1649
1650
1652
1656
1658
1659
1661
1663
1665
1667
1668
1669
1671
1672
1676
1677
1680
1681
1688
1689
1690
1691
1692
1695
1697
1698
1700
1701
1702
1706
1707
1710
1712
1713
1716
1721
1722
1726
1727
1728
1730
1733
1734
1735
1738
1741
1743
1748
1749
1752
1753
1754
1755
1756
1759
1761
1762
1764
1766
1767
1770
1771
1772
1775
1778
1780
1781
1782
1783
1784
1786
1787
1788
1789
1790
1791
1793
1794
1796
1798
1800
1804
1809
1811
1812
1813
1814
1815
1816
1817
1818
1819
1822
1824
1826
1827
1829
1834
1835
1836
1838
1841
1842
1843
1845
1846
1847
1848
1850
1851
1853
1854
1859
1862
1863
1865
1866
1871
1872
1874
1878
1882
1883
1884
1885
1888
1889
1892
1894
1897
1898
1899
1900
1901
1903
1906
1908
1913
1915
1920
1922
1925
1926
1928
1929
1931
1933
1934
1936
1938
1940
1941
1942
1943
1944
1945
1947
1948
1950
1951
1953
1954
1956
1959
1960
1965
1968
1971
1972
1973
1975
1977
1978
1980
1981
1982
1983
1985
1987
1989
1992
1996
1998
1999
2002
2003
2005
2007
2009
2011
2014
2017
2019
2020
2022
2025
2026
2029
2030
2031
2037
2040
2041
2042
2043
2044
2045
2046
2047
2052
2055
2056
2059
2060
2061
2064
2065
2072
2074
2076
2078
2079
2081
2082
2083
2086
2090
2091
2100
2106
2112
2113
2116
2117
2122
2123
2125
2126
2127
2128
2131
2133
2134
2137
2138
2143
2145
2147
2148
2150
2153
2154
2155
2160
2165
2166
2168
2172
2174
2175
2177
2178
2181
2182
2184
2187
2189
2193
2195
2196
2198
2200
2201
2203
2204
2205
2206
2207
2209
2213
2215
2217
2219
2220
2221
2224
2226
2227
2232
2236
2239
2242
2243
2244
2245
2247
2249
2251
2254
2255
2256
2258
2259
2260
2261
2262
2263
2264
2274
2276
2277
2278
2286
2289
2293
2294
2296
2297
2298
2300
2302
2307
2309
2312
2314
2316
2318
2320
2323
2324
2326
2327
2328
2329
2330
2332
2334
2337
2340
2342
2343
2344
2345
2350
2351
2353
2354
2358
2360
2361
2362
2363
2365
2366
2367
2368
2371
2372
2373
2375
2377
2378
2379
2380
2381
2387
2388
2390
2394
2396
2398
2399
2400
2402
2403
2405
2406
2408
2410
2412
2413
2414
2416
2418
2419
2420
2422
2423
2424
2427
2430
2431
2433
2437
2438
2439
2441
2445
2447
2449
2450
2451
2452
2453
2457
2460
2463
2464
2467
2469
2472
2474
2477
2478
2484
2486
2490
2491
2492
2494
2496
2497
2505
2507
2508
2510
2512
2516
2517
2518
2520
2522
2523
2524
2525
2528
2530
2531
2533
2534
2538
2541
2542
2543
2544
2545
2547
2548
2549
2550
2551
2553
2556
2557
2558
2561
2562
2563
2564
2568
2569
2571
2572
2573
2574
2575
2577
2579
2587
2588
2591
2594
2595
2596
2598
2599
2601
2604
2607
2612
2614
2615
2616
2617
2620
2622
2624
2628
2629
2631
2632
2635
2636
2637
2638
2639
2640
2642
2644
2646
2647
2648
2649
2652
2656
2658
2660
2663
2665
2667
2668
2674
2676
2677
2681
2683
2685
2688
2692
2694
2695
2697
2700
2703
2706
2707
