12
41
47
49
94
95
105
113
129
146
154
164
183
202
209
216
233
243
248
261
296
297
310
314
326
334
357
375
377
382
411
416
433
442
446
451
462
469
506
525
555
561
582
583
585
595
597
606
609
620
684
689
693
707
712
746
748
758
771
773
778
790
797
803
806
810
815
822
831
838
848
862
874
879
896
908
928
931
943
945
950
972
974
983
987
989
993
997
1016
1018
1030
1049
1050
1051
1054
1059
1063
1093
1100
1108
1132
1136
1139
1141
1145
1164
1184
1186
1188
1205
1213
1215
1220
1241
1254
1264
1277
1283
1298
1299
1303
1304
1310
1311
1323
1340
1349
1356
1375
1378
1379
1406
1416
1426
1455
1469
1472
1481
1518
1540
1560
1567
1594
1598
1604
1605
1617
1624
1627
1636
1646
1653
1657
1667
1675
1698
1703
1710
1726
1734
1747
1748
1756
1767
1781
1793
1796
1805
1806
1818
1827
1832
1833
1837
1847
1849
1882
1906
1918
1936
1944
1953
1954
1980
1982
1992
1993
2000
2004
2007
2022
2038
2051
2056
2063
2071
2078
2084
2109
2114
2116
2123
2141
2143
2148
2151
2157
2174
2180
2205
2206
2214
2216
2238
2239
2259
2281
2289
2297
2312
2318
2325
2327
2337
2342
2349
2350
2355
2358
2374
2375
2377
2378
2384
2408
2416
2418
2423
2427
2434
2448
2452
2463
2468
2469
2484
2485
2488
2498
2506
2509
2520
2552
2553
2557
2561
2568
2572
2581
2590
2601
2635
2638
2642
2657
2667
2681
2682
2689
2695
