5
8
9
14
15
23
28
29
32
33
36
40
44
45
48
49
50
51
53
64
65
71
76
77
80
81
84
86
88
94
95
98
99
100
102
109
112
113
114
121
126
130
138
139
140
142
143
145
146
153
154
155
157
159
166
167
173
174
177
182
183
184
186
187
200
201
205
210
219
222
225
231
234
236
238
239
242
248
254
257
258
260
262
263
270
271
277
279
281
283
287
291
292
293
295
298
299
306
313
317
319
324
328
329
335
337
340
345
347
351
352
354
359
360
363
367
368
371
373
374
382
383
385
390
400
411
416
418
419
423
425
426
431
433
436
439
440
442
446
448
449
450
451
452
463
466
468
473
480
481
486
489
492
496
497
498
499
501
508
510
516
518
521
529
545
546
548
551
555
560
561
565
567
571
573
579
582
585
589
591
593
595
596
605
620
622
627
629
633
641
644
647
653
666
678
682
685
686
689
690
694
696
701
705
710
712
713
714
715
717
721
724
728
729
731
736
737
739
745
754
757
766
768
776
780
783
785
787
791
794
795
799
801
807
810
811
818
822
823
824
837
849
856
858
860
861
862
863
868
869
872
878
881
882
886
887
889
892
897
900
903
908
909
911
912
916
922
926
929
931
935
936
938
944
945
948
949
961
967
971
973
975
977
978
979
984
988
992
993
1004
1006
1007
1010
1013
1019
1025
1027
1031
1038
1039
1041
1043
1044
1047
1050
1051
1054
1055
1059
1060
1066
1069
1081
1089
1094
1095
1099
1103
1106
1110
1115
1129
1136
1143
1144
1156
1162
1164
1165
1171
1172
1178
1188
1189
1196
1206
1208
1211
1213
1216
1217
1218
1224
1227
1228
1235
1240
1242
1243
1247
1248
1251
1253
1260
1262
1263
1264
1269
1270
1273
1276
1281
1282
1285
1287
1289
1290
1294
1298
1299
1300
1302
1303
1306
1308
1309
1311
1313
1316
1317
1323
1324
1331
1333
1335
1339
1342
1343
1345
1347
1349
1351
1355
1358
1359
1360
1364
1365
1370
1376
1382
1383
1384
1403
1409
1410
1415
1420
1421
1424
1425
1429
1431
1437
1438
1439
1442
1446
1447
1450
1452
1455
1462
1464
1467
1472
1476
1479
1486
1488
1489
1490
1492
1493
1495
1497
1498
1499
1500
1505
1506
1510
1516
1518
1526
1532
1533
1536
1537
1538
1541
1545
1550
1559
1563
1571
1572
1580
1584
1589
1591
1592
1595
1596
1599
1607
1608
1615
1618
1621
1633
1637
1638
1643
1644
1647
1651
1657
1658
1659
1665
1666
1668
1672
1678
1679
1681
1682
1692
1694
1696
1700
1710
1712
1715
1716
1717
1720
1723
1728
1729
1732
1735
1738
1741
1742
1746
1753
1756
1758
1759
1764
1767
1771
1772
1776
1780
1781
1784
1789
1792
1794
1795
1796
1798
1799
1806
1807
1808
1809
1811
1822
1823
1824
1827
1830
1842
1843
1850
1856
1857
1859
1862
1864
1867
1874
1875
1880
1882
1886
1887
1888
1889
1890
1892
1896
1899
1913
1918
1919
1920
1921
1923
1926
1927
1936
1942
1943
1944
1945
1949
1956
1957
1959
1961
1965
1971
1974
1977
1978
1981
1983
1988
1991
1993
1998
2000
2003
2011
2018
2033
2034
2035
2040
2050
2052
2053
2055
2056
2059
2061
2065
2067
2070
2071
2073
2076
2078
2080
2086
2090
2099
2103
2110
2113
2114
2118
2123
2133
2135
2136
2138
2140
2142
2144
2148
2151
2152
2156
2160
2164
2165
2167
2169
2178
2180
2182
2184
2185
2189
2190
2193
2194
2195
2196
2198
2201
2205
2211
2212
2214
2215
2216
2220
2221
2222
2225
2226
2227
2229
2231
2233
2234
2237
2241
2242
2246
2252
2253
2254
2255
2258
2264
2265
2269
2271
2273
2275
2276
2284
2285
2293
2295
2299
2304
2308
2311
2312
2314
2317
2318
2322
2324
2325
2329
2331
2332
2333
2338
2343
2346
2351
2354
2357
2363
2365
2366
2369
2370
2371
2374
2376
2387
2388
2390
2398
2399
2403
2409
2415
2419
2420
2422
2423
2427
2428
2431
2434
2435
2436
2439
2443
2448
2453
2454
2460
2461
2462
2467
2468
2470
2474
2476
2479
2483
2486
2487
2490
2494
2500
2503
2504
2519
2522
2524
2526
2528
2531
2535
2540
2541
2543
2544
2546
2547
2548
2549
2550
2552
2554
2556
2561
2563
2564
2569
2571
2573
2576
2578
2582
2587
2594
2599
2601
2602
2607
2614
2615
2617
2619
2631
2636
2639
2640
2641
2642
2646
2658
2660
2667
2671
2672
2674
2676
2677
2678
2683
2688
2695
2702
2703
2707
