1
3
7
9
14
19
31
32
33
38
42
47
48
58
68
72
83
95
99
103
111
144
152
155
175
183
185
186
191
196
197
202
209
217
221
227
231
237
240
241
253
255
258
259
276
282
285
296
297
302
306
307
313
318
319
332
340
342
344
362
366
370
376
378
379
380
384
405
408
409
418
421
425
435
438
440
445
447
449
453
463
469
477
478
492
493
495
499
500
503
507
509
518
520
526
528
529
539
545
556
563
565
584
587
594
595
597
603
609
615
617
619
621
622
627
639
643
651
660
662
667
673
675
677
678
681
683
686
690
699
702
710
715
716
717
723
725
733
737
738
743
746
757
762
772
776
794
795
799
801
807
808
815
816
821
823
824
831
836
847
858
859
861
868
879
885
901
903
905
910
919
924
928
931
934
940
955
958
962
965
967
968
973
988
993
997
998
1009
1019
1025
1031
1034
1036
1038
1039
1041
1044
1045
1051
1059
1060
1066
1072
1082
1085
1092
1094
1106
1107
1110
1132
1150
1151
1157
1158
1160
1165
1167
1170
1171
1174
1176
1185
1195
1196
1199
1202
1205
1207
1212
1213
1217
1226
1233
1234
1239
1247
1255
1256
1258
1264
1265
1266
1267
1268
1270
1276
1278
1281
1292
1295
1296
1307
1309
1310
1313
1316
1328
1358
1368
1370
1375
1377
1379
1386
1393
1394
1397
1401
1406
1408
1417
1420
1423
1427
1432
1437
1438
1439
1440
1442
1450
1451
1460
1462
1464
1466
1467
1474
1478
1484
1489
1492
1496
1500
1505
1509
1513
1519
1527
1532
1536
1550
1552
1553
1554
1556
1562
1567
1568
1569
1571
1577
1584
1592
1593
1609
1610
1612
1621
1632
1649
1655
1661
1666
1672
1674
1675
1686
1687
1699
1708
1717
1730
1739
1741
1755
1761
1768
1773
1776
1777
1778
1780
1789
1792
1795
1798
1802
1823
1825
1829
1845
1849
1851
1854
1867
1874
1876
1877
1880
1883
1890
1902
1903
1908
1917
1919
1929
1939
1940
1943
1944
1948
1949
1953
1954
1955
1957
1960
1964
1971
1979
1984
1990
1992
1994
1997
2005
2009
2014
2016
2024
2035
2039
2042
2062
2070
2071
2084
2086
2091
2092
2093
2098
2104
2111
2113
2114
2120
2123
2127
2128
2133
2137
2141
2146
2151
2152
2154
2155
2161
2163
2166
2169
2171
2172
2175
2177
2183
2185
2188
2193
2200
2201
2203
2213
2218
2219
2221
2236
2245
2246
2250
2256
2257
2261
2265
2268
2272
2277
2279
2283
2285
2291
2292
2294
2315
2316
2324
2326
2337
2360
2361
2363
2365
2368
2369
2374
2375
2378
2382
2383
2385
2396
2398
2400
2404
2410
2411
2415
2418
2419
2424
2434
2440
2442
2447
2449
2454
2459
2460
2466
2480
2481
2483
2487
2490
2493
2497
2502
2510
2516
2542
2546
2549
2565
2566
2568
2570
2573
2574
2579
2585
2588
2589
2594
2598
2603
2614
2622
2623
2624
2626
2627
2628
2637
2642
2646
2654
2659
2660
2663
2684
2687
2688
2692
2698
2703
2705
2706
